0   1
0.01   0.666678
0.02   0.333289
0.03   -0.000133331
0.04   -0.333556
0.05   -0.666944
0.06   -1.00027
0.07   -1.33349
0.08   -1.66658
0.09   -1.9995
0.1   -2.33222
0.11   -2.66471
0.12   -2.99693
0.13   -3.32886
0.14   -3.66045
0.15   -3.99167
0.16   -4.32249
0.17   -4.65289
0.18   -4.98281
0.19   -5.31224
0.2   -5.64114
0.21   -5.96947
0.22   -6.29721
0.23   -6.62432
0.24   -6.95076
0.25   -7.27651
0.26   -7.60153
0.27   -7.92579
0.28   -8.24926
0.29   -8.57191
0.3   -8.89369
0.31   -9.21459
0.32   -9.53457
0.33   -9.85359
0.34   -10.1716
0.35   -10.4886
0.36   -10.8046
0.37   -11.1195
0.38   -11.4333
0.39   -11.7459
0.4   -12.0574
0.41   -12.3676
0.42   -12.6767
0.43   -12.9844
0.44   -13.2909
0.45   -13.596
0.46   -13.8997
0.47   -14.2021
0.48   -14.5031
0.49   -14.8026
0.5   -15.1006
0.51   -15.3971
0.52   -15.6921
0.53   -15.9855
0.54   -16.2773
0.55   -16.5675
0.56   -16.856
0.57   -17.1428
0.58   -17.4279
0.59   -17.7113
0.6   -17.9929
0.61   -18.2727
0.62   -18.5507
0.63   -18.8268
0.64   -19.1011
0.65   -19.3734
0.66   -19.6438
0.67   -19.9122
0.68   -20.1787
0.69   -20.4431
0.7   -20.7055
0.71   -20.9658
0.72   -21.224
0.73   -21.4801
0.74   -21.734
0.75   -21.9858
0.76   -22.2354
0.77   -22.4827
0.78   -22.7278
0.79   -22.9706
0.8   -23.2112
0.81   -23.4494
0.82   -23.6852
0.83   -23.9187
0.84   -24.1498
0.85   -24.3785
0.86   -24.6047
0.87   -24.8285
0.88   -25.0498
0.89   -25.2686
0.9   -25.4849
0.91   -25.6986
0.92   -25.9098
0.93   -26.1183
0.94   -26.3243
0.95   -26.5276
0.96   -26.7283
0.97   -26.9263
0.98   -27.1216
0.99   -27.3142
1   -27.504
1.01   -27.6911
1.02   -27.8755
1.03   -28.057
1.04   -28.2358
1.05   -28.4117
1.06   -28.5848
1.07   -28.755
1.08   -28.9223
1.09   -29.0868
1.1   -29.2483
1.11   -29.4069
1.12   -29.5626
1.13   -29.7153
1.14   -29.8651
1.15   -30.0118
1.16   -30.1556
1.17   -30.2964
1.18   -30.4341
1.19   -30.5688
1.2   -30.7004
1.21   -30.8289
1.22   -30.9544
1.23   -31.0768
1.24   -31.196
1.25   -31.3122
1.26   -31.4252
1.27   -31.535
1.28   -31.6417
1.29   -31.7453
1.3   -31.8457
1.31   -31.9429
1.32   -32.0369
1.33   -32.1277
1.34   -32.2152
1.35   -32.2996
1.36   -32.3807
1.37   -32.4586
1.38   -32.5333
1.39   -32.6047
1.4   -32.6728
1.41   -32.7376
1.42   -32.7992
1.43   -32.8575
1.44   -32.9126
1.45   -32.9643
1.46   -33.0127
1.47   -33.0579
1.48   -33.0997
1.49   -33.1382
1.5   -33.1734
1.51   -33.2053
1.52   -33.2339
1.53   -33.2591
1.54   -33.2811
1.55   -33.2996
1.56   -33.3149
1.57   -33.3268
1.58   -33.3354
1.59   -33.3407
1.6   -33.3426
1.61   -33.3412
1.62   -33.3365
1.63   -33.3284
1.64   -33.317
1.65   -33.3023
1.66   -33.2842
1.67   -33.2628
1.68   -33.2381
1.69   -33.21
1.7   -33.1787
1.71   -33.144
1.72   -33.106
1.73   -33.0647
1.74   -33.0201
1.75   -32.9721
1.76   -32.9209
1.77   -32.8664
1.78   -32.8086
1.79   -32.7475
1.8   -32.6832
1.81   -32.6156
1.82   -32.5447
1.83   -32.4706
1.84   -32.3932
1.85   -32.3126
1.86   -32.2287
1.87   -32.1416
1.88   -32.0513
1.89   -31.9578
1.9   -31.8612
1.91   -31.7613
1.92   -31.6582
1.93   -31.552
1.94   -31.4426
1.95   -31.3301
1.96   -31.2145
1.97   -31.0957
1.98   -30.9738
1.99   -30.8488
2   -30.7208
2.01   -30.5896
2.02   -30.4554
2.03   -30.3182
2.04   -30.1779
2.05   -30.0346
2.06   -29.8883
2.07   -29.7391
2.08   -29.5868
2.09   -29.4316
2.1   -29.2734
2.11   -29.1124
2.12   -28.9484
2.13   -28.7815
2.14   -28.6117
2.15   -28.4391
2.16   -28.2636
2.17   -28.0853
2.18   -27.9042
2.19   -27.7203
2.2   -27.5336
2.21   -27.3442
2.22   -27.152
2.23   -26.9571
2.24   -26.7596
2.25   -26.5593
2.26   -26.3564
2.27   -26.1509
2.28   -25.9427
2.29   -25.732
2.3   -25.5187
2.31   -25.3028
2.32   -25.0844
2.33   -24.8635
2.34   -24.6401
2.35   -24.4142
2.36   -24.1859
2.37   -23.9552
2.38   -23.7221
2.39   -23.4866
2.4   -23.2487
2.41   -23.0086
2.42   -22.7661
2.43   -22.5214
2.44   -22.2744
2.45   -22.0252
2.46   -21.7737
2.47   -21.5201
2.48   -21.2644
2.49   -21.0065
2.5   -20.7465
2.51   -20.4845
2.52   -20.2204
2.53   -19.9543
2.54   -19.6861
2.55   -19.416
2.56   -19.144
2.57   -18.8701
2.58   -18.5942
2.59   -18.3166
2.6   -18.037
2.61   -17.7557
2.62   -17.4726
2.63   -17.1878
2.64   -16.9012
2.65   -16.6129
2.66   -16.323
2.67   -16.0315
2.68   -15.7383
2.69   -15.4436
2.7   -15.1473
2.71   -14.8495
2.72   -14.5502
2.73   -14.2495
2.74   -13.9474
2.75   -13.6438
2.76   -13.3389
2.77   -13.0327
2.78   -12.7251
2.79   -12.4163
2.8   -12.1062
2.81   -11.795
2.82   -11.4825
2.83   -11.1689
2.84   -10.8542
2.85   -10.5384
2.86   -10.2215
2.87   -9.90364
2.88   -9.58477
2.89   -9.26494
2.9   -8.94419
2.91   -8.62254
2.92   -8.30002
2.93   -7.97668
2.94   -7.65254
2.95   -7.32764
2.96   -7.002
2.97   -6.67567
2.98   -6.34866
2.99   -6.02102
3   -5.69278
3.01   -5.36397
3.02   -5.03462
3.03   -4.70477
3.04   -4.37445
3.05   -4.04369
3.06   -3.71252
3.07   -3.38099
3.08   -3.04912
3.09   -2.71694
3.1   -2.38449
3.11   -2.0518
3.12   -1.71891
3.13   -1.38585
3.14   -1.05264
3.15   -0.719333
3.16   -0.385953
3.17   -0.0525337
3.18   0.280891
3.19   0.614287
3.2   0.947622
3.21   1.28086
3.22   1.61397
3.23   1.94692
3.24   2.27968
3.25   2.61221
3.26   2.94448
3.27   3.27645
3.28   3.60809
3.29   3.93938
3.3   4.27027
3.31   4.60073
3.32   4.93073
3.33   5.26024
3.34   5.58923
3.35   5.91765
3.36   6.24548
3.37   6.57269
3.38   6.89924
3.39   7.2251
3.4   7.55024
3.41   7.87463
3.42   8.19822
3.43   8.521
3.44   8.84292
3.45   9.16396
3.46   9.48409
3.47   9.80326
3.48   10.1215
3.49   10.4386
3.5   10.7548
3.51   11.0698
3.52   11.3838
3.53   11.6966
3.54   12.0083
3.55   12.3187
3.56   12.6279
3.57   12.9359
3.58   13.2425
3.59   13.5479
3.6   13.8519
3.61   14.1545
3.62   14.4556
3.63   14.7554
3.64   15.0536
3.65   15.3504
3.66   15.6456
3.67   15.9393
3.68   16.2313
3.69   16.5217
3.7   16.8105
3.71   17.0976
3.72   17.383
3.73   17.6667
3.74   17.9486
3.75   18.2287
3.76   18.5069
3.77   18.7834
3.78   19.0579
3.79   19.3305
3.8   19.6012
3.81   19.87
3.82   20.1367
3.83   20.4015
3.84   20.6642
3.85   20.9248
3.86   21.1834
3.87   21.4398
3.88   21.6941
3.89   21.9462
3.9   22.1961
3.91   22.4438
3.92   22.6892
3.93   22.9324
3.94   23.1733
3.95   23.4119
3.96   23.6481
3.97   23.882
3.98   24.1135
3.99   24.3425
4   24.5692
4.01   24.7933
4.02   25.015
4.03   25.2342
4.04   25.4509
4.05   25.665
4.06   25.8766
4.07   26.0856
4.08   26.2919
4.09   26.4957
4.1   26.6968
4.11   26.8952
4.12   27.0909
4.13   27.2839
4.14   27.4742
4.15   27.6618
4.16   27.8465
4.17   28.0285
4.18   28.2077
4.19   28.3841
4.2   28.5576
4.21   28.7283
4.22   28.8961
4.23   29.061
4.24   29.223
4.25   29.3821
4.26   29.5382
4.27   29.6914
4.28   29.8416
4.29   29.9889
4.3   30.1331
4.31   30.2743
4.32   30.4125
4.33   30.5477
4.34   30.6798
4.35   30.8088
4.36   30.9348
4.37   31.0576
4.38   31.1774
4.39   31.294
4.4   31.4075
4.41   31.5179
4.42   31.6251
4.43   31.7292
4.44   31.83
4.45   31.9277
4.46   32.0222
4.47   32.1135
4.48   32.2016
4.49   32.2865
4.5   32.3681
4.51   32.4465
4.52   32.5217
4.53   32.5936
4.54   32.6622
4.55   32.7276
4.56   32.7897
4.57   32.8486
4.58   32.9041
4.59   32.9564
4.6   33.0053
4.61   33.051
4.62   33.0933
4.63   33.1324
4.64   33.1681
4.65   33.2005
4.66   33.2296
4.67   33.2554
4.68   33.2778
4.69   33.2969
4.7   33.3127
4.71   33.3252
4.72   33.3343
4.73   33.3401
4.74   33.3425
4.75   33.3417
4.76   33.3375
4.77   33.3299
4.78   33.319
4.79   33.3048
4.8   33.2873
4.81   33.2664
4.82   33.2422
4.83   33.2147
4.84   33.1838
4.85   33.1497
4.86   33.1122
4.87   33.0714
4.88   33.0273
4.89   32.9799
4.9   32.9292
4.91   32.8752
4.92   32.818
4.93   32.7574
4.94   32.6936
4.95   32.6265
4.96   32.5561
4.97   32.4825
4.98   32.4056
4.99   32.3255
5   32.2422
5.01   32.1556
5.02   32.0658
5.03   31.9728
5.04   31.8766
5.05   31.7773
5.06   31.6747
5.07   31.569
5.08   31.4601
5.09   31.3481
5.1   31.2329
5.11   31.1147
5.12   30.9933
5.13   30.8688
5.14   30.7412
5.15   30.6106
5.16   30.4768
5.17   30.3401
5.18   30.2003
5.19   30.0575
5.2   29.9117
5.21   29.7628
5.22   29.6111
5.23   29.4563
5.24   29.2986
5.25   29.138
5.26   28.9745
5.27   28.808
5.28   28.6387
5.29   28.4665
5.3   28.2915
5.31   28.1136
5.32   27.933
5.33   27.7495
5.34   27.5633
5.35   27.3743
5.36   27.1826
5.37   26.9881
5.38   26.791
5.39   26.5911
5.4   26.3887
5.41   26.1835
5.42   25.9758
5.43   25.7654
5.44   25.5525
5.45   25.3371
5.46   25.1191
5.47   24.8985
5.48   24.6755
5.49   24.4501
5.5   24.2221
5.51   23.9918
5.52   23.7591
5.53   23.5239
5.54   23.2865
5.55   23.0467
5.56   22.8046
5.57   22.5602
5.58   22.3136
5.59   22.0647
5.6   21.8136
5.61   21.5603
5.62   21.3049
5.63   21.0474
5.64   20.7877
5.65   20.526
5.66   20.2622
5.67   19.9964
5.68   19.7286
5.69   19.4588
5.7   19.1871
5.71   18.9135
5.72   18.6379
5.73   18.3605
5.74   18.0813
5.75   17.8003
5.76   17.5174
5.77   17.2329
5.78   16.9466
5.79   16.6586
5.8   16.3689
5.81   16.0776
5.82   15.7847
5.83   15.4902
5.84   15.1942
5.85   14.8966
5.86   14.5976
5.87   14.2971
5.88   13.9952
5.89   13.6919
5.9   13.3872
5.91   13.0811
5.92   12.7738
5.93   12.4652
5.94   12.1553
5.95   11.8442
5.96   11.5319
5.97   11.2185
5.98   10.904
5.99   10.5883
6   10.2716
6.01   9.95392
6.02   9.6352
6.03   9.31552
6.04   8.99491
6.05   8.6734
6.06   8.35102
6.07   8.02781
6.08   7.7038
6.09   7.37901
6.1   7.05349
6.11   6.72726
6.12   6.40036
6.13   6.07281
6.14   5.74467
6.15   5.41594
6.16   5.08668
6.17   4.7569
6.18   4.42665
6.19   4.09596
6.2   3.76486
6.21   3.43338
6.22   3.10156
6.23   2.76943
6.24   2.43702
6.25   2.10437
6.26   1.77151
6.27   1.43847
6.28   1.10528
6.29   0.771987
6.3   0.438616
6.31   0.105201
6.32   -0.228225
6.33   -0.561628
6.34   -0.894975
6.35   -1.22823
6.36   -1.56137
6.37   -1.89435
6.38   -2.22713
6.39   -2.5597
6.4   -2.89201
6.41   -3.22403
6.42   -3.55573
6.43   -3.88707
6.44   -4.21803
6.45   -4.54856
6.46   -4.87864
6.47   -5.20823
6.48   -5.5373
6.49   -5.86581
6.5   -6.19374
6.51   -6.52105
6.52   -6.84771
6.53   -7.17368
6.54   -7.49894
6.55   -7.82344
6.56   -8.14716
6.57   -8.47007
6.58   -8.79213
6.59   -9.11331
6.6   -9.43358
6.61   -9.75291
6.62   -10.0713
6.63   -10.3886
6.64   -10.7049
6.65   -11.0202
6.66   -11.3343
6.67   -11.6473
6.68   -11.9591
6.69   -12.2698
6.7   -12.5792
6.71   -12.8873
6.72   -13.1942
6.73   -13.4997
6.74   -13.8039
6.75   -14.1067
6.76   -14.4082
6.77   -14.7081
6.78   -15.0066
6.79   -15.3036
6.8   -15.5991
6.81   -15.893
6.82   -16.1853
6.83   -16.476
6.84   -16.765
6.85   -17.0524
6.86   -17.3381
6.87   -17.622
6.88   -17.9042
6.89   -18.1845
6.9   -18.4631
6.91   -18.7398
6.92   -19.0147
6.93   -19.2876
6.94   -19.5586
6.95   -19.8277
6.96   -20.0947
6.97   -20.3598
6.98   -20.6228
6.99   -20.8838
7   -21.1427
7.01   -21.3994
7.02   -21.654
7.03   -21.9065
7.04   -22.1568
7.05   -22.4048
7.06   -22.6506
7.07   -22.8942
7.08   -23.1354
7.09   -23.3744
7.1   -23.611
7.11   -23.8452
7.12   -24.0771
7.13   -24.3065
7.14   -24.5335
7.15   -24.7581
7.16   -24.9802
7.17   -25.1998
7.18   -25.4169
7.19   -25.6314
7.2   -25.8434
7.21   -26.0527
7.22   -26.2595
7.23   -26.4637
7.24   -26.6652
7.25   -26.864
7.26   -27.0602
7.27   -27.2536
7.28   -27.4443
7.29   -27.6323
7.3   -27.8175
7.31   -28
7.32   -28.1796
7.33   -28.3564
7.34   -28.5304
7.35   -28.7015
7.36   -28.8698
7.37   -29.0351
7.38   -29.1976
7.39   -29.3571
7.4   -29.5137
7.41   -29.6674
7.42   -29.8181
7.43   -29.9658
7.44   -30.1105
7.45   -30.2522
7.46   -30.3909
7.47   -30.5265
7.48   -30.6591
7.49   -30.7886
7.5   -30.9151
7.51   -31.0384
7.52   -31.1587
7.53   -31.2758
7.54   -31.3898
7.55   -31.5007
7.56   -31.6084
7.57   -31.7129
7.58   -31.8143
7.59   -31.9125
7.6   -32.0075
7.61   -32.0993
7.62   -32.1879
7.63   -32.2733
7.64   -32.3554
7.65   -32.4344
7.66   -32.51
7.67   -32.5825
7.68   -32.6516
7.69   -32.7175
7.7   -32.7801
7.71   -32.8395
7.72   -32.8955
7.73   -32.9483
7.74   -32.9978
7.75   -33.044
7.76   -33.0869
7.77   -33.1264
7.78   -33.1627
7.79   -33.1956
7.8   -33.2252
7.81   -33.2515
7.82   -33.2745
7.83   -33.2941
7.84   -33.3104
7.85   -33.3234
7.86   -33.3331
7.87   -33.3394
7.88   -33.3424
7.89   -33.342
7.9   -33.3383
7.91   -33.3313
7.92   -33.321
7.93   -33.3073
7.94   -33.2903
7.95   -33.2699
7.96   -33.2463
7.97   -33.2193
7.98   -33.1889
7.99   -33.1553
8   -33.1183
8.01   -33.0781
8.02   -33.0345
8.03   -32.9876
8.04   -32.9375
8.05   -32.884
8.06   -32.8272
8.07   -32.7672
8.08   -32.7039
8.09   -32.6373
8.1   -32.5674
8.11   -32.4943
8.12   -32.418
8.13   -32.3384
8.14   -32.2555
8.15   -32.1695
8.16   -32.0802
8.17   -31.9877
8.18   -31.892
8.19   -31.7932
8.2   -31.6911
8.21   -31.5859
8.22   -31.4775
8.23   -31.366
8.24   -31.2513
8.25   -31.1336
8.26   -31.0127
8.27   -30.8887
8.28   -30.7616
8.29   -30.6314
8.3   -30.4982
8.31   -30.3619
8.32   -30.2226
8.33   -30.0802
8.34   -29.9349
8.35   -29.7865
8.36   -29.6352
8.37   -29.4809
8.38   -29.3237
8.39   -29.1636
8.4   -29.0005
8.41   -28.8345
8.42   -28.6656
8.43   -28.4939
8.44   -28.3193
8.45   -28.1419
8.46   -27.9617
8.47   -27.7787
8.48   -27.5929
8.49   -27.4043
8.5   -27.213
8.51   -27.019
8.52   -26.8223
8.53   -26.6229
8.54   -26.4208
8.55   -26.2161
8.56   -26.0088
8.57   -25.7988
8.58   -25.5863
8.59   -25.3713
8.6   -25.1537
8.61   -24.9335
8.62   -24.7109
8.63   -24.4858
8.64   -24.2583
8.65   -24.0283
8.66   -23.796
8.67   -23.5612
8.68   -23.3241
8.69   -23.0847
8.7   -22.843
8.71   -22.5989
8.72   -22.3527
8.73   -22.1041
8.74   -21.8534
8.75   -21.6005
8.76   -21.3454
8.77   -21.0882
8.78   -20.8289
8.79   -20.5675
8.8   -20.304
8.81   -20.0385
8.82   -19.7711
8.83   -19.5016
8.84   -19.2302
8.85   -18.9568
8.86   -18.6816
8.87   -18.4045
8.88   -18.1255
8.89   -17.8448
8.9   -17.5622
8.91   -17.2779
8.92   -16.9919
8.93   -16.7042
8.94   -16.4148
8.95   -16.1237
8.96   -15.8311
8.97   -15.5368
8.98   -15.2411
8.99   -14.9437
9   -14.6449
9.01   -14.3447
9.02   -14.043
9.03   -13.7399
9.04   -13.4354
9.05   -13.1295
9.06   -12.8224
9.07   -12.514
9.08   -12.2043
9.09   -11.8934
9.1   -11.5813
9.11   -11.2681
9.12   -10.9537
9.13   -10.6383
9.14   -10.3217
9.15   -10.0042
9.16   -9.68561
9.17   -9.36608
9.18   -9.04561
9.19   -8.72424
9.2   -8.402
9.21   -8.07892
9.22   -7.75503
9.23   -7.43036
9.24   -7.10495
9.25   -6.77883
9.26   -6.45204
9.27   -6.12459
9.28   -5.79654
9.29   -5.4679
9.3   -5.13872
9.31   -4.80903
9.32   -4.47885
9.33   -4.14822
9.34   -3.81719
9.35   -3.48576
9.36   -3.154
9.37   -2.82191
9.38   -2.48954
9.39   -2.15693
9.4   -1.8241
9.41   -1.49108
9.42   -1.15792
9.43   -0.824639
9.44   -0.491278
9.45   -0.157867
9.46   0.175559
9.47   0.508968
9.48   0.842326
9.49   1.1756
9.5   1.50876
9.51   1.84176
9.52   2.17458
9.53   2.50719
9.54   2.83954
9.55   3.17161
9.56   3.50336
9.57   3.83476
9.58   4.16578
9.59   4.49638
9.6   4.82653
9.61   5.1562
9.62   5.48535
9.63   5.81396
9.64   6.14198
9.65   6.46939
9.66   6.79615
9.67   7.12224
9.68   7.44761
9.69   7.77223
9.7   8.09608
9.71   8.41912
9.72   8.74132
9.73   9.06264
9.74   9.38306
9.75   9.70254
9.76   10.021
9.77   10.3386
9.78   10.655
9.79   10.9704
9.8   11.2847
9.81   11.5979
9.82   11.9099
9.83   12.2208
9.84   12.5304
9.85   12.8387
9.86   13.1458
9.87   13.4516
9.88   13.756
9.89   14.059
9.9   14.3606
9.91   14.6608
9.92   14.9596
9.93   15.2568
9.94   15.5525
9.95   15.8467
9.96   16.1392
9.97   16.4302
9.98   16.7195
9.99   17.0071
10   17.2931