0   1
0.01   0.990051
0.02   0.980201
0.03   0.970448
0.04   0.960793
0.05   0.951234
0.06   0.94177
0.07   0.9324
0.08   0.923124
0.09   0.91394
0.1   0.904847
0.11   0.895844
0.12   0.886932
0.13   0.878108
0.14   0.869371
0.15   0.860722
0.16   0.852159
0.17   0.843681
0.18   0.835287
0.19   0.826977
0.2   0.81875
0.21   0.810604
0.22   0.802539
0.23   0.794555
0.24   0.78665
0.25   0.778824
0.26   0.771076
0.27   0.763405
0.28   0.75581
0.29   0.748291
0.3   0.740846
0.31   0.733476
0.32   0.726179
0.33   0.718955
0.34   0.711802
0.35   0.704721
0.36   0.69771
0.37   0.690769
0.38   0.683897
0.39   0.677094
0.4   0.670358
0.41   0.663689
0.42   0.657087
0.43   0.65055
0.44   0.644078
0.45   0.637671
0.46   0.631328
0.47   0.625047
0.48   0.618829
0.49   0.612673
0.5   0.606579
0.51   0.600545
0.52   0.594571
0.53   0.588656
0.54   0.5828
0.55   0.577003
0.56   0.571263
0.57   0.565581
0.58   0.559955
0.59   0.554385
0.6   0.54887
0.61   0.54341
0.62   0.538005
0.63   0.532654
0.64   0.527355
0.65   0.52211
0.66   0.516916
0.67   0.511775
0.68   0.506684
0.69   0.501644
0.7   0.496655
0.71   0.491715
0.72   0.486824
0.73   0.481982
0.74   0.477188
0.75   0.472442
0.76   0.467743
0.77   0.463091
0.78   0.458485
0.79   0.453925
0.8   0.44941
0.81   0.444941
0.82   0.440515
0.83   0.436134
0.84   0.431797
0.85   0.427502
0.86   0.423251
0.87   0.419041
0.88   0.414874
0.89   0.410748
0.9   0.406663
0.91   0.402619
0.92   0.398615
0.93   0.394651
0.94   0.390727
0.95   0.386841
0.96   0.382994
0.97   0.379186
0.98   0.375415
0.99   0.371682
1   0.367987
1.01   0.364327
1.02   0.360705
1.03   0.357118
1.04   0.353567
1.05   0.350052
1.06   0.346571
1.07   0.343126
1.08   0.339714
1.09   0.336336
1.1   0.332993
1.11   0.329682
1.12   0.326404
1.13   0.323159
1.14   0.319947
1.15   0.316766
1.16   0.313617
1.17   0.310499
1.18   0.307413
1.19   0.304357
1.2   0.301331
1.21   0.298336
1.22   0.295371
1.23   0.292435
1.24   0.289528
1.25   0.28665
1.26   0.283801
1.27   0.28098
1.28   0.278188
1.29   0.275423
1.3   0.272686
1.31   0.269976
1.32   0.267293
1.33   0.264637
1.34   0.262007
1.35   0.259403
1.36   0.256826
1.37   0.254274
1.38   0.251747
1.39   0.249246
1.4   0.246769
1.41   0.244318
1.42   0.24189
1.43   0.239487
1.44   0.237108
1.45   0.234753
1.46   0.232421
1.47   0.230112
1.48   0.227826
1.49   0.225563
1.5   0.223323
1.51   0.221105
1.52   0.218909
1.53   0.216735
1.54   0.214582
1.55   0.212451
1.56   0.210342
1.57   0.208253
1.58   0.206185
1.59   0.204138
1.6   0.202111
1.61   0.200105
1.62   0.198118
1.63   0.196151
1.64   0.194204
1.65   0.192276
1.66   0.190368
1.67   0.188479
1.68   0.186608
1.69   0.184756
1.7   0.182922
1.71   0.181107
1.72   0.17931
1.73   0.177531
1.74   0.17577
1.75   0.174026
1.76   0.172299
1.77   0.17059
1.78   0.168898
1.79   0.167223
1.8   0.165564
1.81   0.163922
1.82   0.162297
1.83   0.160688
1.84   0.159094
1.85   0.157517
1.86   0.155955
1.87   0.154409
1.88   0.152879
1.89   0.151364
1.9   0.149863
1.91   0.148378
1.92   0.146908
1.93   0.145452
1.94   0.144011
1.95   0.142585
1.96   0.141172
1.97   0.139774
1.98   0.13839
1.99   0.137019
2   0.135662
2.01   0.134319
2.02   0.132989
2.03   0.131673
2.04   0.130369
2.05   0.129079
2.06   0.127802
2.07   0.126537
2.08   0.125285
2.09   0.124046
2.1   0.122819
2.11   0.121604
2.12   0.120402
2.13   0.119211
2.14   0.118032
2.15   0.116866
2.16   0.115711
2.17   0.114567
2.18   0.113435
2.19   0.112314
2.2   0.111205
2.21   0.110106
2.22   0.109019
2.23   0.107942
2.24   0.106877
2.25   0.105822
2.26   0.104777
2.27   0.103743
2.28   0.10272
2.29   0.101707
2.3   0.100703
2.31   0.0997103
2.32   0.0987273
2.33   0.0977541
2.34   0.0967906
2.35   0.0958369
2.36   0.0948927
2.37   0.093958
2.38   0.0930328
2.39   0.0921168
2.4   0.09121
2.41   0.0903124
2.42   0.0894238
2.43   0.0885441
2.44   0.0876733
2.45   0.0868112
2.46   0.0859579
2.47   0.0851131
2.48   0.0842768
2.49   0.083449
2.5   0.0826295
2.51   0.0818183
2.52   0.0810152
2.53   0.0802203
2.54   0.0794334
2.55   0.0786544
2.56   0.0778833
2.57   0.07712
2.58   0.0763644
2.59   0.0756164
2.6   0.074876
2.61   0.074143
2.62   0.0734175
2.63   0.0726994
2.64   0.0719885
2.65   0.0712848
2.66   0.0705882
2.67   0.0698987
2.68   0.0692162
2.69   0.0685406
2.7   0.0678718
2.71   0.0672099
2.72   0.0665546
2.73   0.065906
2.74   0.065264
2.75   0.0646286
2.76   0.0639996
2.77   0.063377
2.78   0.0627607
2.79   0.0621507
2.8   0.0615469
2.81   0.0609493
2.82   0.0603578
2.83   0.0597723
2.84   0.0591928
2.85   0.0586192
2.86   0.0580515
2.87   0.0574896
2.88   0.0569334
2.89   0.0563829
2.9   0.0558381
2.91   0.0552988
2.92   0.0547651
2.93   0.0542368
2.94   0.053714
2.95   0.0531965
2.96   0.0526844
2.97   0.0521775
2.98   0.0516759
2.99   0.0511794
3   0.050688
3.01   0.0502017
3.02   0.0497204
3.03   0.0492441
3.04   0.0487727
3.05   0.0483062
3.06   0.0478446
3.07   0.0473877
3.08   0.0469355
3.09   0.0464881
3.1   0.0460453
3.11   0.0456071
3.12   0.0451734
3.13   0.0447443
3.14   0.0443196
3.15   0.0438994
3.16   0.0434836
3.17   0.0430721
3.18   0.0426649
3.19   0.042262
3.2   0.0418634
3.21   0.0414689
3.22   0.0410785
3.23   0.0406923
3.24   0.0403101
3.25   0.039932
3.26   0.0395578
3.27   0.0391876
3.28   0.0388214
3.29   0.038459
3.3   0.0381004
3.31   0.0377457
3.32   0.0373947
3.33   0.0370475
3.34   0.036704
3.35   0.0363642
3.36   0.036028
3.37   0.0356954
3.38   0.0353663
3.39   0.0350408
3.4   0.0347188
3.41   0.0344003
3.42   0.0340852
3.43   0.0337735
3.44   0.0334653
3.45   0.0331603
3.46   0.0328587
3.47   0.0325603
3.48   0.0322652
3.49   0.0319734
3.5   0.0316847
3.51   0.0313992
3.52   0.0311168
3.53   0.0308376
3.54   0.0305614
3.55   0.0302883
3.56   0.0300183
3.57   0.0297512
3.58   0.0294871
3.59   0.0292259
3.6   0.0289677
3.61   0.0287124
3.62   0.0284599
3.63   0.0282103
3.64   0.0279635
3.65   0.0277195
3.66   0.0274783
3.67   0.0272398
3.68   0.027004
3.69   0.026771
3.7   0.0265406
3.71   0.0263129
3.72   0.0260878
3.73   0.0258653
3.74   0.0256454
3.75   0.0254281
3.76   0.0252133
3.77   0.025001
3.78   0.0247913
3.79   0.024584
3.8   0.0243791
3.81   0.0241767
3.82   0.0239768
3.83   0.0237792
3.84   0.023584
3.85   0.0233912
3.86   0.0232007
3.87   0.0230125
3.88   0.0228266
3.89   0.022643
3.9   0.0224617
3.91   0.0222826
3.92   0.0221057
3.93   0.0219311
3.94   0.0217586
3.95   0.0215884
3.96   0.0214202
3.97   0.0212543
3.98   0.0210904
3.99   0.0209287
4   0.020769
4.01   0.0206114
4.02   0.0204559
4.03   0.0203025
4.04   0.020151
4.05   0.0200016
4.06   0.0198542
4.07   0.0197088
4.08   0.0195653
4.09   0.0194238
4.1   0.0192842
4.11   0.0191466
4.12   0.0190109
4.13   0.018877
4.14   0.0187451
4.15   0.0186151
4.16   0.0184869
4.17   0.0183605
4.18   0.018236
4.19   0.0181133
4.2   0.0179924
4.21   0.0178734
4.22   0.0177561
4.23   0.0176406
4.24   0.0175268
4.25   0.0174148
4.26   0.0173046
4.27   0.017196
4.28   0.0170892
4.29   0.0169841
4.3   0.0168807
4.31   0.016779
4.32   0.016679
4.33   0.0165806
4.34   0.0164839
4.35   0.0163889
4.36   0.0162954
4.37   0.0162036
4.38   0.0161135
4.39   0.0160249
4.4   0.015938
4.41   0.0158526
4.42   0.0157688
4.43   0.0156866
4.44   0.015606
4.45   0.0155269
4.46   0.0154494
4.47   0.0153734
4.48   0.015299
4.49   0.0152261
4.5   0.0151547
4.51   0.0150849
4.52   0.0150165
4.53   0.0149496
4.54   0.0148843
4.55   0.0148204
4.56   0.014758
4.57   0.0146971
4.58   0.0146377
4.59   0.0145797
4.6   0.0145232
4.61   0.0144681
4.62   0.0144145
4.63   0.0143623
4.64   0.0143115
4.65   0.0142622
4.66   0.0142143
4.67   0.0141679
4.68   0.0141228
4.69   0.0140792
4.7   0.0140369
4.71   0.0139961
4.72   0.0139567
4.73   0.0139187
4.74   0.013882
4.75   0.0138468
4.76   0.0138129
4.77   0.0137804
4.78   0.0137493
4.79   0.0137196
4.8   0.0136912
4.81   0.0136642
4.82   0.0136386
4.83   0.0136143
4.84   0.0135915
4.85   0.0135699
4.86   0.0135497
4.87   0.0135309
4.88   0.0135134
4.89   0.0134973
4.9   0.0134825
4.91   0.0134691
4.92   0.013457
4.93   0.0134463
4.94   0.0134369
4.95   0.0134289
4.96   0.0134222
4.97   0.0134168
4.98   0.0134128
4.99   0.0134101
5   0.0134088
5.01   0.0134088
5.02   0.0134101
5.03   0.0134128
5.04   0.0134169
5.05   0.0134222
5.06   0.0134289
5.07   0.013437
5.08   0.0134464
5.09   0.0134571
5.1   0.0134692
5.11   0.0134827
5.12   0.0134975
5.13   0.0135136
5.14   0.0135311
5.15   0.0135499
5.16   0.0135701
5.17   0.0135917
5.18   0.0136146
5.19   0.0136389
5.2   0.0136645
5.21   0.0136915
5.22   0.0137199
5.23   0.0137496
5.24   0.0137807
5.25   0.0138132
5.26   0.0138471
5.27   0.0138824
5.28   0.013919
5.29   0.0139571
5.3   0.0139965
5.31   0.0140374
5.32   0.0140796
5.33   0.0141233
5.34   0.0141683
5.35   0.0142148
5.36   0.0142627
5.37   0.014312
5.38   0.0143628
5.39   0.014415
5.4   0.0144686
5.41   0.0145237
5.42   0.0145802
5.43   0.0146382
5.44   0.0146977
5.45   0.0147586
5.46   0.014821
5.47   0.0148849
5.48   0.0149503
5.49   0.0150172
5.5   0.0150855
5.51   0.0151554
5.52   0.0152268
5.53   0.0152997
5.54   0.0153742
5.55   0.0154502
5.56   0.0155277
5.57   0.0156068
5.58   0.0156874
5.59   0.0157697
5.6   0.0158534
5.61   0.0159388
5.62   0.0160258
5.63   0.0161144
5.64   0.0162045
5.65   0.0162964
5.66   0.0163898
5.67   0.0164849
5.68   0.0165816
5.69   0.01668
5.7   0.01678
5.71   0.0168817
5.72   0.0169852
5.73   0.0170903
5.74   0.0171971
5.75   0.0173056
5.76   0.0174159
5.77   0.0175279
5.78   0.0176417
5.79   0.0177572
5.8   0.0178745
5.81   0.0179936
5.82   0.0181145
5.83   0.0182372
5.84   0.0183618
5.85   0.0184881
5.86   0.0186163
5.87   0.0187464
5.88   0.0188784
5.89   0.0190122
5.9   0.0191479
5.91   0.0192856
5.92   0.0194252
5.93   0.0195667
5.94   0.0197102
5.95   0.0198556
5.96   0.0200031
5.97   0.0201525
5.98   0.020304
5.99   0.0204575
6   0.020613
6.01   0.0207706
6.02   0.0209303
6.03   0.021092
6.04   0.0212559
6.05   0.0214219
6.06   0.02159
6.07   0.0217603
6.08   0.0219328
6.09   0.0221075
6.1   0.0222844
6.11   0.0224635
6.12   0.0226448
6.13   0.0228284
6.14   0.0230143
6.15   0.0232025
6.16   0.0233931
6.17   0.0235859
6.18   0.0237811
6.19   0.0239787
6.2   0.0241787
6.21   0.0243812
6.22   0.024586
6.23   0.0247933
6.24   0.0250031
6.25   0.0252154
6.26   0.0254302
6.27   0.0256476
6.28   0.0258675
6.29   0.02609
6.3   0.0263151
6.31   0.0265429
6.32   0.0267733
6.33   0.0270064
6.34   0.0272421
6.35   0.0274806
6.36   0.0277219
6.37   0.0279659
6.38   0.0282127
6.39   0.0284624
6.4   0.0287149
6.41   0.0289702
6.42   0.0292285
6.43   0.0294897
6.44   0.0297538
6.45   0.0300209
6.46   0.030291
6.47   0.0305642
6.48   0.0308404
6.49   0.0311196
6.5   0.031402
6.51   0.0316875
6.52   0.0319762
6.53   0.0322681
6.54   0.0325633
6.55   0.0328616
6.56   0.0331633
6.57   0.0334683
6.58   0.0337766
6.59   0.0340883
6.6   0.0344034
6.61   0.034722
6.62   0.035044
6.63   0.0353696
6.64   0.0356986
6.65   0.0360313
6.66   0.0363675
6.67   0.0367074
6.68   0.0370509
6.69   0.0373982
6.7   0.0377492
6.71   0.038104
6.72   0.0384625
6.73   0.038825
6.74   0.0391913
6.75   0.0395615
6.76   0.0399357
6.77   0.0403139
6.78   0.0406961
6.79   0.0410824
6.8   0.0414728
6.81   0.0418673
6.82   0.042266
6.83   0.042669
6.84   0.0430762
6.85   0.0434877
6.86   0.0439036
6.87   0.0443238
6.88   0.0447485
6.89   0.0451777
6.9   0.0456114
6.91   0.0460496
6.92   0.0464925
6.93   0.04694
6.94   0.0473922
6.95   0.0478491
6.96   0.0483108
6.97   0.0487774
6.98   0.0492488
6.99   0.0497252
7   0.0502065
7.01   0.0506929
7.02   0.0511843
7.03   0.0516808
7.04   0.0521825
7.05   0.0526894
7.06   0.0532016
7.07   0.0537191
7.08   0.054242
7.09   0.0547703
7.1   0.0553041
7.11   0.0558434
7.12   0.0563883
7.13   0.0569389
7.14   0.0574951
7.15   0.0580571
7.16   0.0586249
7.17   0.0591985
7.18   0.0597781
7.19   0.0603636
7.2   0.0609552
7.21   0.0615529
7.22   0.0621567
7.23   0.0627668
7.24   0.0633831
7.25   0.0640058
7.26   0.0646348
7.27   0.0652704
7.28   0.0659124
7.29   0.0665611
7.3   0.0672164
7.31   0.0678784
7.32   0.0685472
7.33   0.0692229
7.34   0.0699055
7.35   0.0705951
7.36   0.0712917
7.37   0.0719955
7.38   0.0727064
7.39   0.0734247
7.4   0.0741503
7.41   0.0748833
7.42   0.0756238
7.43   0.0763718
7.44   0.0771275
7.45   0.0778909
7.46   0.0786621
7.47   0.0794411
7.48   0.0802281
7.49   0.0810232
7.5   0.0818263
7.51   0.0826376
7.52   0.0834572
7.53   0.0842851
7.54   0.0851214
7.55   0.0859663
7.56   0.0868197
7.57   0.0876819
7.58   0.0885528
7.59   0.0894325
7.6   0.0903212
7.61   0.091219
7.62   0.0921258
7.63   0.0930419
7.64   0.0939673
7.65   0.094902
7.66   0.0958463
7.67   0.0968001
7.68   0.0977637
7.69   0.098737
7.7   0.0997201
7.71   0.100713
7.72   0.101716
7.73   0.10273
7.74   0.103754
7.75   0.104788
7.76   0.105832
7.77   0.106887
7.78   0.107953
7.79   0.10903
7.8   0.110117
7.81   0.111216
7.82   0.112325
7.83   0.113446
7.84   0.114578
7.85   0.115722
7.86   0.116877
7.87   0.118044
7.88   0.119223
7.89   0.120413
7.9   0.121616
7.91   0.122831
7.92   0.124058
7.93   0.125298
7.94   0.12655
7.95   0.127814
7.96   0.129092
7.97   0.130382
7.98   0.131686
7.99   0.133002
8   0.134332
8.01   0.135676
8.02   0.137033
8.03   0.138403
8.04   0.139788
8.05   0.141186
8.06   0.142599
8.07   0.144025
8.08   0.145467
8.09   0.146922
8.1   0.148393
8.11   0.149878
8.12   0.151378
8.13   0.152894
8.14   0.154425
8.15   0.155971
8.16   0.157533
8.17   0.15911
8.18   0.160703
8.19   0.162313
8.2   0.163939
8.21   0.165581
8.22   0.167239
8.23   0.168915
8.24   0.170607
8.25   0.172316
8.26   0.174043
8.27   0.175787
8.28   0.177549
8.29   0.179328
8.3   0.181125
8.31   0.182941
8.32   0.184774
8.33   0.186626
8.34   0.188497
8.35   0.190387
8.36   0.192295
8.37   0.194223
8.38   0.196171
8.39   0.198138
8.4   0.200124
8.41   0.202131
8.42   0.204158
8.43   0.206206
8.44   0.208274
8.45   0.210363
8.46   0.212472
8.47   0.214604
8.48   0.216756
8.49   0.21893
8.5   0.221127
8.51   0.223345
8.52   0.225585
8.53   0.227849
8.54   0.230135
8.55   0.232444
8.56   0.234776
8.57   0.237132
8.58   0.239511
8.59   0.241914
8.6   0.244342
8.61   0.246794
8.62   0.249271
8.63   0.251772
8.64   0.254299
8.65   0.256851
8.66   0.259429
8.67   0.262033
8.68   0.264663
8.69   0.267319
8.7   0.270003
8.71   0.272713
8.72   0.27545
8.73   0.278215
8.74   0.281008
8.75   0.283829
8.76   0.286679
8.77   0.289557
8.78   0.292464
8.79   0.2954
8.8   0.298365
8.81   0.301361
8.82   0.304387
8.83   0.307443
8.84   0.31053
8.85   0.313648
8.86   0.316797
8.87   0.319978
8.88   0.323191
8.89   0.326437
8.9   0.329715
8.91   0.333026
8.92   0.33637
8.93   0.339748
8.94   0.34316
8.95   0.346606
8.96   0.350087
8.97   0.353602
8.98   0.357154
8.99   0.36074
9   0.364363
9.01   0.368023
9.02   0.371719
9.03   0.375453
9.04   0.379224
9.05   0.383032
9.06   0.38688
9.07   0.390765
9.08   0.39469
9.09   0.398655
9.1   0.402659
9.11   0.406704
9.12   0.410789
9.13   0.414915
9.14   0.419083
9.15   0.423293
9.16   0.427545
9.17   0.431839
9.18   0.436177
9.19   0.440559
9.2   0.444985
9.21   0.449455
9.22   0.45397
9.23   0.45853
9.24   0.463137
9.25   0.467789
9.26   0.472489
9.27   0.477235
9.28   0.48203
9.29   0.486872
9.3   0.491764
9.31   0.496704
9.32   0.501694
9.33   0.506734
9.34   0.511825
9.35   0.516968
9.36   0.522161
9.37   0.527408
9.38   0.532706
9.39   0.538058
9.4   0.543464
9.41   0.548925
9.42   0.55444
9.43   0.56001
9.44   0.565637
9.45   0.57132
9.46   0.57706
9.47   0.582858
9.48   0.588714
9.49   0.59463
9.5   0.600604
9.51   0.606639
9.52   0.612734
9.53   0.618891
9.54   0.625109
9.55   0.63139
9.56   0.637734
9.57   0.644142
9.58   0.650614
9.59   0.657152
9.6   0.663755
9.61   0.670424
9.62   0.677161
9.63   0.683965
9.64   0.690838
9.65   0.697779
9.66   0.704791
9.67   0.711873
9.68   0.719026
9.69   0.726251
9.7   0.733549
9.71   0.74092
9.72   0.748365
9.73   0.755885
9.74   0.76348
9.75   0.771152
9.76   0.778901
9.77   0.786728
9.78   0.794634
9.79   0.802619
9.8   0.810684
9.81   0.818831
9.82   0.827059
9.83   0.83537
9.84   0.843764
9.85   0.852243
9.86   0.860807
9.87   0.869457
9.88   0.878195
9.89   0.887019
9.9   0.895933
9.91   0.904936
9.92   0.91403
9.93   0.923215
9.94   0.932493
9.95   0.941863
9.96   0.951328
9.97   0.960888
9.98   0.970544
9.99   0.980298
10   0.990149