0   1
0.01   0.990051
0.02   0.980201
0.03   0.970448
0.04   0.960793
0.05   0.951234
0.06   0.94177
0.07   0.9324
0.08   0.923124
0.09   0.91394
0.1   0.904847
0.11   0.895844
0.12   0.886932
0.13   0.878108
0.14   0.869371
0.15   0.860722
0.16   0.852159
0.17   0.843681
0.18   0.835287
0.19   0.826977
0.2   0.818749
0.21   0.810604
0.22   0.802539
0.23   0.794555
0.24   0.78665
0.25   0.778824
0.26   0.771076
0.27   0.763405
0.28   0.75581
0.29   0.748291
0.3   0.740846
0.31   0.733476
0.32   0.726179
0.33   0.718955
0.34   0.711802
0.35   0.704721
0.36   0.69771
0.37   0.690769
0.38   0.683897
0.39   0.677094
0.4   0.670358
0.41   0.663689
0.42   0.657087
0.43   0.65055
0.44   0.644078
0.45   0.637671
0.46   0.631328
0.47   0.625047
0.48   0.618829
0.49   0.612673
0.5   0.606579
0.51   0.600545
0.52   0.594571
0.53   0.588656
0.54   0.5828
0.55   0.577003
0.56   0.571263
0.57   0.565581
0.58   0.559955
0.59   0.554385
0.6   0.54887
0.61   0.54341
0.62   0.538005
0.63   0.532654
0.64   0.527355
0.65   0.52211
0.66   0.516916
0.67   0.511775
0.68   0.506684
0.69   0.501644
0.7   0.496655
0.71   0.491715
0.72   0.486824
0.73   0.481982
0.74   0.477188
0.75   0.472442
0.76   0.467743
0.77   0.463091
0.78   0.458485
0.79   0.453925
0.8   0.44941
0.81   0.44494
0.82   0.440515
0.83   0.436134
0.84   0.431797
0.85   0.427502
0.86   0.423251
0.87   0.419041
0.88   0.414874
0.89   0.410748
0.9   0.406663
0.91   0.402619
0.92   0.398615
0.93   0.394651
0.94   0.390727
0.95   0.386841
0.96   0.382994
0.97   0.379186
0.98   0.375415
0.99   0.371682
1   0.367986
1.01   0.364327
1.02   0.360705
1.03   0.357118
1.04   0.353567
1.05   0.350052
1.06   0.346571
1.07   0.343125
1.08   0.339714
1.09   0.336336
1.1   0.332992
1.11   0.329682
1.12   0.326404
1.13   0.323159
1.14   0.319946
1.15   0.316766
1.16   0.313617
1.17   0.310499
1.18   0.307412
1.19   0.304357
1.2   0.301331
1.21   0.298336
1.22   0.29537
1.23   0.292434
1.24   0.289528
1.25   0.28665
1.26   0.283801
1.27   0.28098
1.28   0.278188
1.29   0.275423
1.3   0.272686
1.31   0.269976
1.32   0.267293
1.33   0.264636
1.34   0.262007
1.35   0.259403
1.36   0.256825
1.37   0.254274
1.38   0.251747
1.39   0.249246
1.4   0.246769
1.41   0.244318
1.42   0.24189
1.43   0.239487
1.44   0.237108
1.45   0.234752
1.46   0.23242
1.47   0.230112
1.48   0.227826
1.49   0.225563
1.5   0.223323
1.51   0.221105
1.52   0.218909
1.53   0.216735
1.54   0.214582
1.55   0.212451
1.56   0.210342
1.57   0.208253
1.58   0.206185
1.59   0.204138
1.6   0.202111
1.61   0.200104
1.62   0.198118
1.63   0.196151
1.64   0.194204
1.65   0.192276
1.66   0.190368
1.67   0.188478
1.68   0.186608
1.69   0.184756
1.7   0.182922
1.71   0.181107
1.72   0.17931
1.73   0.177531
1.74   0.175769
1.75   0.174026
1.76   0.172299
1.77   0.17059
1.78   0.168898
1.79   0.167223
1.8   0.165564
1.81   0.163922
1.82   0.162297
1.83   0.160687
1.84   0.159094
1.85   0.157517
1.86   0.155955
1.87   0.154409
1.88   0.152879
1.89   0.151363
1.9   0.149863
1.91   0.148378
1.92   0.146908
1.93   0.145452
1.94   0.144011
1.95   0.142584
1.96   0.141172
1.97   0.139774
1.98   0.138389
1.99   0.137019
2   0.135662
2.01   0.134319
2.02   0.132989
2.03   0.131673
2.04   0.130369
2.05   0.129079
2.06   0.127802
2.07   0.126537
2.08   0.125285
2.09   0.124046
2.1   0.122819
2.11   0.121604
2.12   0.120401
2.13   0.119211
2.14   0.118032
2.15   0.116865
2.16   0.11571
2.17   0.114567
2.18   0.113435
2.19   0.112314
2.2   0.111204
2.21   0.110106
2.22   0.109019
2.23   0.107942
2.24   0.106876
2.25   0.105821
2.26   0.104777
2.27   0.103743
2.28   0.10272
2.29   0.101706
2.3   0.100703
2.31   0.0997101
2.32   0.098727
2.33   0.0977538
2.34   0.0967904
2.35   0.0958366
2.36   0.0948924
2.37   0.0939578
2.38   0.0930325
2.39   0.0921165
2.4   0.0912097
2.41   0.0903121
2.42   0.0894235
2.43   0.0885438
2.44   0.087673
2.45   0.0868109
2.46   0.0859576
2.47   0.0851128
2.48   0.0842765
2.49   0.0834487
2.5   0.0826292
2.51   0.081818
2.52   0.0810149
2.53   0.08022
2.54   0.0794331
2.55   0.0786541
2.56   0.077883
2.57   0.0771197
2.58   0.0763641
2.59   0.0756161
2.6   0.0748757
2.61   0.0741427
2.62   0.0734172
2.63   0.0726991
2.64   0.0719882
2.65   0.0712845
2.66   0.0705879
2.67   0.0698984
2.68   0.0692159
2.69   0.0685403
2.7   0.0678715
2.71   0.0672095
2.72   0.0665543
2.73   0.0659057
2.74   0.0652637
2.75   0.0646283
2.76   0.0639993
2.77   0.0633767
2.78   0.0627604
2.79   0.0621504
2.8   0.0615466
2.81   0.060949
2.82   0.0603575
2.83   0.059772
2.84   0.0591925
2.85   0.0586189
2.86   0.0580512
2.87   0.0574892
2.88   0.0569331
2.89   0.0563826
2.9   0.0558377
2.91   0.0552985
2.92   0.0547647
2.93   0.0542365
2.94   0.0537137
2.95   0.0531962
2.96   0.0526841
2.97   0.0521772
2.98   0.0516755
2.99   0.051179
3   0.0506877
3.01   0.0502014
3.02   0.0497201
3.03   0.0492438
3.04   0.0487724
3.05   0.0483059
3.06   0.0478442
3.07   0.0473873
3.08   0.0469352
3.09   0.0464877
3.1   0.0460449
3.11   0.0456067
3.12   0.0451731
3.13   0.044744
3.14   0.0443193
3.15   0.0438991
3.16   0.0434833
3.17   0.0430718
3.18   0.0426646
3.19   0.0422617
3.2   0.041863
3.21   0.0414685
3.22   0.0410782
3.23   0.0406919
3.24   0.0403098
3.25   0.0399316
3.26   0.0395575
3.27   0.0391873
3.28   0.038821
3.29   0.0384586
3.3   0.0381001
3.31   0.0377453
3.32   0.0373944
3.33   0.0370472
3.34   0.0367037
3.35   0.0363638
3.36   0.0360276
3.37   0.035695
3.38   0.035366
3.39   0.0350405
3.4   0.0347185
3.41   0.0343999
3.42   0.0340849
3.43   0.0337732
3.44   0.0334649
3.45   0.0331599
3.46   0.0328583
3.47   0.03256
3.48   0.0322649
3.49   0.031973
3.5   0.0316843
3.51   0.0313988
3.52   0.0311165
3.53   0.0308372
3.54   0.0305611
3.55   0.030288
3.56   0.0300179
3.57   0.0297508
3.58   0.0294867
3.59   0.0292256
3.6   0.0289673
3.61   0.028712
3.62   0.0284595
3.63   0.0282099
3.64   0.0279631
3.65   0.0277191
3.66   0.0274779
3.67   0.0272394
3.68   0.0270037
3.69   0.0267706
3.7   0.0265402
3.71   0.0263125
3.72   0.0260874
3.73   0.0258649
3.74   0.025645
3.75   0.0254277
3.76   0.0252129
3.77   0.0250006
3.78   0.0247909
3.79   0.0245836
3.8   0.0243788
3.81   0.0241764
3.82   0.0239764
3.83   0.0237788
3.84   0.0235836
3.85   0.0233908
3.86   0.0232003
3.87   0.0230121
3.88   0.0228262
3.89   0.0226426
3.9   0.0224613
3.91   0.0222822
3.92   0.0221053
3.93   0.0219307
3.94   0.0217582
3.95   0.021588
3.96   0.0214198
3.97   0.0212539
3.98   0.02109
3.99   0.0209283
4   0.0207686
4.01   0.0206111
4.02   0.0204555
4.03   0.0203021
4.04   0.0201506
4.05   0.0200012
4.06   0.0198538
4.07   0.0197084
4.08   0.0195649
4.09   0.0194234
4.1   0.0192838
4.11   0.0191462
4.12   0.0190105
4.13   0.0188767
4.14   0.0187447
4.15   0.0186147
4.16   0.0184865
4.17   0.0183601
4.18   0.0182356
4.19   0.0181129
4.2   0.017992
4.21   0.017873
4.22   0.0177557
4.23   0.0176402
4.24   0.0175264
4.25   0.0174144
4.26   0.0173042
4.27   0.0171956
4.28   0.0170888
4.29   0.0169837
4.3   0.0168803
4.31   0.0167786
4.32   0.0166786
4.33   0.0165802
4.34   0.0164835
4.35   0.0163885
4.36   0.016295
4.37   0.0162032
4.38   0.0161131
4.39   0.0160245
4.4   0.0159376
4.41   0.0158522
4.42   0.0157684
4.43   0.0156862
4.44   0.0156056
4.45   0.0155265
4.46   0.015449
4.47   0.015373
4.48   0.0152986
4.49   0.0152257
4.5   0.0151543
4.51   0.0150845
4.52   0.0150161
4.53   0.0149492
4.54   0.0148839
4.55   0.01482
4.56   0.0147576
4.57   0.0146967
4.58   0.0146373
4.59   0.0145793
4.6   0.0145228
4.61   0.0144677
4.62   0.0144141
4.63   0.0143619
4.64   0.0143111
4.65   0.0142618
4.66   0.0142139
4.67   0.0141675
4.68   0.0141224
4.69   0.0140788
4.7   0.0140365
4.71   0.0139957
4.72   0.0139563
4.73   0.0139183
4.74   0.0138816
4.75   0.0138464
4.76   0.0138125
4.77   0.01378
4.78   0.0137489
4.79   0.0137192
4.8   0.0136908
4.81   0.0136638
4.82   0.0136382
4.83   0.0136139
4.84   0.013591
4.85   0.0135695
4.86   0.0135493
4.87   0.0135305
4.88   0.013513
4.89   0.0134969
4.9   0.0134821
4.91   0.0134687
4.92   0.0134566
4.93   0.0134459
4.94   0.0134365
4.95   0.0134285
4.96   0.0134218
4.97   0.0134164
4.98   0.0134124
4.99   0.0134097
5   0.0134084
5.01   0.0134084
5.02   0.0134097
5.03   0.0134124
5.04   0.0134164
5.05   0.0134218
5.06   0.0134285
5.07   0.0134366
5.08   0.013446
5.09   0.0134567
5.1   0.0134688
5.11   0.0134823
5.12   0.013497
5.13   0.0135132
5.14   0.0135307
5.15   0.0135495
5.16   0.0135697
5.17   0.0135913
5.18   0.0136142
5.19   0.0136384
5.2   0.0136641
5.21   0.0136911
5.22   0.0137195
5.23   0.0137492
5.24   0.0137803
5.25   0.0138128
5.26   0.0138467
5.27   0.013882
5.28   0.0139186
5.29   0.0139567
5.3   0.0139961
5.31   0.0140369
5.32   0.0140792
5.33   0.0141228
5.34   0.0141679
5.35   0.0142144
5.36   0.0142623
5.37   0.0143116
5.38   0.0143624
5.39   0.0144146
5.4   0.0144682
5.41   0.0145233
5.42   0.0145798
5.43   0.0146378
5.44   0.0146973
5.45   0.0147582
5.46   0.0148206
5.47   0.0148845
5.48   0.0149499
5.49   0.0150168
5.5   0.0150851
5.51   0.015155
5.52   0.0152264
5.53   0.0152993
5.54   0.0153738
5.55   0.0154498
5.56   0.0155273
5.57   0.0156064
5.58   0.015687
5.59   0.0157693
5.6   0.015853
5.61   0.0159384
5.62   0.0160254
5.63   0.016114
5.64   0.0162041
5.65   0.016296
5.66   0.0163894
5.67   0.0164845
5.68   0.0165812
5.69   0.0166796
5.7   0.0167796
5.71   0.0168813
5.72   0.0169848
5.73   0.0170899
5.74   0.0171967
5.75   0.0173052
5.76   0.0174155
5.77   0.0175275
5.78   0.0176413
5.79   0.0177568
5.8   0.0178741
5.81   0.0179932
5.82   0.0181141
5.83   0.0182368
5.84   0.0183614
5.85   0.0184877
5.86   0.0186159
5.87   0.018746
5.88   0.018878
5.89   0.0190118
5.9   0.0191475
5.91   0.0192852
5.92   0.0194248
5.93   0.0195663
5.94   0.0197098
5.95   0.0198553
5.96   0.0200027
5.97   0.0201521
5.98   0.0203036
5.99   0.0204571
6   0.0206126
6.01   0.0207702
6.02   0.0209299
6.03   0.0210916
6.04   0.0212555
6.05   0.0214215
6.06   0.0215896
6.07   0.0217599
6.08   0.0219324
6.09   0.0221071
6.1   0.022284
6.11   0.0224631
6.12   0.0226444
6.13   0.022828
6.14   0.023014
6.15   0.0232022
6.16   0.0233927
6.17   0.0235855
6.18   0.0237808
6.19   0.0239784
6.2   0.0241784
6.21   0.0243808
6.22   0.0245856
6.23   0.0247929
6.24   0.0250027
6.25   0.025215
6.26   0.0254298
6.27   0.0256472
6.28   0.0258671
6.29   0.0260896
6.3   0.0263147
6.31   0.0265425
6.32   0.0267729
6.33   0.027006
6.34   0.0272418
6.35   0.0274803
6.36   0.0277215
6.37   0.0279655
6.38   0.0282124
6.39   0.028462
6.4   0.0287145
6.41   0.0289699
6.42   0.0292281
6.43   0.0294893
6.44   0.0297534
6.45   0.0300205
6.46   0.0302907
6.47   0.0305638
6.48   0.03084
6.49   0.0311193
6.5   0.0314017
6.51   0.0316872
6.52   0.0319759
6.53   0.0322678
6.54   0.0325629
6.55   0.0328613
6.56   0.0331629
6.57   0.0334679
6.58   0.0337763
6.59   0.034088
6.6   0.0344031
6.61   0.0347216
6.62   0.0350437
6.63   0.0353692
6.64   0.0356983
6.65   0.0360309
6.66   0.0363672
6.67   0.036707
6.68   0.0370506
6.69   0.0373978
6.7   0.0377488
6.71   0.0381036
6.72   0.0384622
6.73   0.0388246
6.74   0.0391909
6.75   0.0395612
6.76   0.0399353
6.77   0.0403135
6.78   0.0406957
6.79   0.041082
6.8   0.0414724
6.81   0.0418669
6.82   0.0422657
6.83   0.0426686
6.84   0.0430758
6.85   0.0434873
6.86   0.0439032
6.87   0.0443235
6.88   0.0447482
6.89   0.0451774
6.9   0.045611
6.91   0.0460493
6.92   0.0464921
6.93   0.0469396
6.94   0.0473918
6.95   0.0478488
6.96   0.0483105
6.97   0.0487771
6.98   0.0492485
6.99   0.0497248
7   0.0502062
7.01   0.0506925
7.02   0.0511839
7.03   0.0516805
7.04   0.0521822
7.05   0.0526891
7.06   0.0532013
7.07   0.0537188
7.08   0.0542417
7.09   0.05477
7.1   0.0553038
7.11   0.0558431
7.12   0.056388
7.13   0.0569385
7.14   0.0574948
7.15   0.0580568
7.16   0.0586245
7.17   0.0591982
7.18   0.0597778
7.19   0.0603633
7.2   0.0609549
7.21   0.0615526
7.22   0.0621564
7.23   0.0627665
7.24   0.0633828
7.25   0.0640055
7.26   0.0646345
7.27   0.0652701
7.28   0.0659121
7.29   0.0665608
7.3   0.0672161
7.31   0.0678781
7.32   0.0685469
7.33   0.0692226
7.34   0.0699052
7.35   0.0705948
7.36   0.0712914
7.37   0.0719952
7.38   0.0727061
7.39   0.0734244
7.4   0.07415
7.41   0.074883
7.42   0.0756235
7.43   0.0763715
7.44   0.0771272
7.45   0.0778906
7.46   0.0786618
7.47   0.0794408
7.48   0.0802278
7.49   0.0810229
7.5   0.081826
7.51   0.0826373
7.52   0.0834569
7.53   0.0842848
7.54   0.0851211
7.55   0.085966
7.56   0.0868194
7.57   0.0876816
7.58   0.0885525
7.59   0.0894322
7.6   0.0903209
7.61   0.0912187
7.62   0.0921255
7.63   0.0930416
7.64   0.093967
7.65   0.0949017
7.66   0.095846
7.67   0.0967999
7.68   0.0977634
7.69   0.0987367
7.7   0.0997199
7.71   0.100713
7.72   0.101716
7.73   0.10273
7.74   0.103753
7.75   0.104787
7.76   0.105832
7.77   0.106887
7.78   0.107953
7.79   0.109029
7.8   0.110117
7.81   0.111215
7.82   0.112325
7.83   0.113446
7.84   0.114578
7.85   0.115722
7.86   0.116877
7.87   0.118044
7.88   0.119222
7.89   0.120413
7.9   0.121616
7.91   0.122831
7.92   0.124058
7.93   0.125297
7.94   0.126549
7.95   0.127814
7.96   0.129092
7.97   0.130382
7.98   0.131685
7.99   0.133002
8   0.134332
8.01   0.135675
8.02   0.137032
8.03   0.138403
8.04   0.139787
8.05   0.141186
8.06   0.142598
8.07   0.144025
8.08   0.145466
8.09   0.146922
8.1   0.148393
8.11   0.149878
8.12   0.151378
8.13   0.152894
8.14   0.154424
8.15   0.155971
8.16   0.157532
8.17   0.15911
8.18   0.160703
8.19   0.162313
8.2   0.163938
8.21   0.165581
8.22   0.167239
8.23   0.168915
8.24   0.170607
8.25   0.172316
8.26   0.174043
8.27   0.175787
8.28   0.177548
8.29   0.179328
8.3   0.181125
8.31   0.18294
8.32   0.184774
8.33   0.186626
8.34   0.188497
8.35   0.190387
8.36   0.192295
8.37   0.194223
8.38   0.196171
8.39   0.198137
8.4   0.200124
8.41   0.202131
8.42   0.204158
8.43   0.206205
8.44   0.208273
8.45   0.210362
8.46   0.212472
8.47   0.214603
8.48   0.216756
8.49   0.21893
8.5   0.221126
8.51   0.223345
8.52   0.225585
8.53   0.227848
8.54   0.230134
8.55   0.232443
8.56   0.234776
8.57   0.237131
8.58   0.239511
8.59   0.241914
8.6   0.244342
8.61   0.246794
8.62   0.24927
8.63   0.251772
8.64   0.254299
8.65   0.256851
8.66   0.259429
8.67   0.262033
8.68   0.264663
8.69   0.267319
8.7   0.270002
8.71   0.272713
8.72   0.27545
8.73   0.278215
8.74   0.281008
8.75   0.283829
8.76   0.286678
8.77   0.289556
8.78   0.292463
8.79   0.2954
8.8   0.298365
8.81   0.301361
8.82   0.304387
8.83   0.307443
8.84   0.31053
8.85   0.313648
8.86   0.316797
8.87   0.319978
8.88   0.323191
8.89   0.326436
8.9   0.329714
8.91   0.333025
8.92   0.33637
8.93   0.339748
8.94   0.343159
8.95   0.346606
8.96   0.350086
8.97   0.353602
8.98   0.357153
8.99   0.36074
9   0.364363
9.01   0.368023
9.02   0.371719
9.03   0.375452
9.04   0.379223
9.05   0.383032
9.06   0.386879
9.07   0.390765
9.08   0.39469
9.09   0.398655
9.1   0.402659
9.11   0.406703
9.12   0.410789
9.13   0.414915
9.14   0.419083
9.15   0.423292
9.16   0.427545
9.17   0.431839
9.18   0.436177
9.19   0.440559
9.2   0.444984
9.21   0.449455
9.22   0.45397
9.23   0.45853
9.24   0.463136
9.25   0.467789
9.26   0.472489
9.27   0.477235
9.28   0.48203
9.29   0.486872
9.3   0.491763
9.31   0.496704
9.32   0.501694
9.33   0.506734
9.34   0.511825
9.35   0.516967
9.36   0.522161
9.37   0.527407
9.38   0.532706
9.39   0.538058
9.4   0.543464
9.41   0.548924
9.42   0.55444
9.43   0.56001
9.44   0.565637
9.45   0.57132
9.46   0.57706
9.47   0.582858
9.48   0.588714
9.49   0.594629
9.5   0.600604
9.51   0.606639
9.52   0.612734
9.53   0.618891
9.54   0.625109
9.55   0.63139
9.56   0.637734
9.57   0.644142
9.58   0.650614
9.59   0.657152
9.6   0.663755
9.61   0.670424
9.62   0.677161
9.63   0.683965
9.64   0.690838
9.65   0.697779
9.66   0.704791
9.67   0.711873
9.68   0.719026
9.69   0.726251
9.7   0.733549
9.71   0.74092
9.72   0.748365
9.73   0.755885
9.74   0.76348
9.75   0.771152
9.76   0.778901
9.77   0.786728
9.78   0.794634
9.79   0.802619
9.8   0.810684
9.81   0.818831
9.82   0.827059
9.83   0.83537
9.84   0.843764
9.85   0.852243
9.86   0.860807
9.87   0.869457
9.88   0.878195
9.89   0.887019
9.9   0.895933
9.91   0.904936
9.92   0.91403
9.93   0.923215
9.94   0.932493
9.95   0.941863
9.96   0.951328
9.97   0.960888
9.98   0.970544
9.99   0.980298
10   0.990149