0   1
0.01   0.990051
0.02   0.980201
0.03   0.970448
0.04   0.960793
0.05   0.951234
0.06   0.94177
0.07   0.9324
0.08   0.923124
0.09   0.91394
0.1   0.904847
0.11   0.895844
0.12   0.886932
0.13   0.878108
0.14   0.869371
0.15   0.860722
0.16   0.852159
0.17   0.843681
0.18   0.835287
0.19   0.826977
0.2   0.81875
0.21   0.810604
0.22   0.802539
0.23   0.794555
0.24   0.78665
0.25   0.778824
0.26   0.771076
0.27   0.763405
0.28   0.75581
0.29   0.748291
0.3   0.740847
0.31   0.733476
0.32   0.726179
0.33   0.718955
0.34   0.711802
0.35   0.704721
0.36   0.69771
0.37   0.690769
0.38   0.683897
0.39   0.677094
0.4   0.670358
0.41   0.663689
0.42   0.657087
0.43   0.65055
0.44   0.644078
0.45   0.637671
0.46   0.631328
0.47   0.625047
0.48   0.618829
0.49   0.612673
0.5   0.606579
0.51   0.600545
0.52   0.594571
0.53   0.588656
0.54   0.582801
0.55   0.577003
0.56   0.571263
0.57   0.565581
0.58   0.559955
0.59   0.554385
0.6   0.54887
0.61   0.543411
0.62   0.538005
0.63   0.532654
0.64   0.527355
0.65   0.52211
0.66   0.516916
0.67   0.511775
0.68   0.506684
0.69   0.501645
0.7   0.496655
0.71   0.491715
0.72   0.486824
0.73   0.481982
0.74   0.477188
0.75   0.472442
0.76   0.467743
0.77   0.463091
0.78   0.458485
0.79   0.453925
0.8   0.44941
0.81   0.444941
0.82   0.440515
0.83   0.436134
0.84   0.431797
0.85   0.427502
0.86   0.423251
0.87   0.419042
0.88   0.414874
0.89   0.410748
0.9   0.406663
0.91   0.402619
0.92   0.398615
0.93   0.394651
0.94   0.390727
0.95   0.386841
0.96   0.382995
0.97   0.379186
0.98   0.375416
0.99   0.371682
1   0.367987
1.01   0.364328
1.02   0.360705
1.03   0.357118
1.04   0.353568
1.05   0.350052
1.06   0.346572
1.07   0.343126
1.08   0.339714
1.09   0.336337
1.1   0.332993
1.11   0.329682
1.12   0.326404
1.13   0.323159
1.14   0.319947
1.15   0.316766
1.16   0.313617
1.17   0.310499
1.18   0.307413
1.19   0.304357
1.2   0.301331
1.21   0.298336
1.22   0.295371
1.23   0.292435
1.24   0.289528
1.25   0.28665
1.26   0.283801
1.27   0.280981
1.28   0.278188
1.29   0.275423
1.3   0.272686
1.31   0.269976
1.32   0.267293
1.33   0.264637
1.34   0.262007
1.35   0.259403
1.36   0.256826
1.37   0.254274
1.38   0.251747
1.39   0.249246
1.4   0.24677
1.41   0.244318
1.42   0.241891
1.43   0.239487
1.44   0.237108
1.45   0.234753
1.46   0.232421
1.47   0.230112
1.48   0.227826
1.49   0.225563
1.5   0.223323
1.51   0.221105
1.52   0.218909
1.53   0.216735
1.54   0.214583
1.55   0.212452
1.56   0.210342
1.57   0.208253
1.58   0.206185
1.59   0.204138
1.6   0.202111
1.61   0.200105
1.62   0.198118
1.63   0.196152
1.64   0.194204
1.65   0.192277
1.66   0.190368
1.67   0.188479
1.68   0.186608
1.69   0.184756
1.7   0.182923
1.71   0.181107
1.72   0.17931
1.73   0.177531
1.74   0.17577
1.75   0.174026
1.76   0.1723
1.77   0.17059
1.78   0.168898
1.79   0.167223
1.8   0.165565
1.81   0.163923
1.82   0.162297
1.83   0.160688
1.84   0.159095
1.85   0.157517
1.86   0.155956
1.87   0.15441
1.88   0.152879
1.89   0.151364
1.9   0.149864
1.91   0.148378
1.92   0.146908
1.93   0.145453
1.94   0.144011
1.95   0.142585
1.96   0.141172
1.97   0.139774
1.98   0.13839
1.99   0.137019
2   0.135662
2.01   0.134319
2.02   0.132989
2.03   0.131673
2.04   0.13037
2.05   0.129079
2.06   0.127802
2.07   0.126537
2.08   0.125285
2.09   0.124046
2.1   0.122819
2.11   0.121604
2.12   0.120402
2.13   0.119211
2.14   0.118033
2.15   0.116866
2.16   0.115711
2.17   0.114567
2.18   0.113435
2.19   0.112314
2.2   0.111205
2.21   0.110106
2.22   0.109019
2.23   0.107943
2.24   0.106877
2.25   0.105822
2.26   0.104778
2.27   0.103744
2.28   0.10272
2.29   0.101707
2.3   0.100704
2.31   0.0997106
2.32   0.0987275
2.33   0.0977543
2.34   0.0967909
2.35   0.0958372
2.36   0.094893
2.37   0.0939583
2.38   0.093033
2.39   0.0921171
2.4   0.0912103
2.41   0.0903127
2.42   0.089424
2.43   0.0885444
2.44   0.0876736
2.45   0.0868115
2.46   0.0859581
2.47   0.0851134
2.48   0.0842771
2.49   0.0834493
2.5   0.0826298
2.51   0.0818186
2.52   0.0810155
2.53   0.0802206
2.54   0.0794337
2.55   0.0786547
2.56   0.0778836
2.57   0.0771203
2.58   0.0763647
2.59   0.0756167
2.6   0.0748763
2.61   0.0741433
2.62   0.0734178
2.63   0.0726997
2.64   0.0719888
2.65   0.0712851
2.66   0.0705885
2.67   0.069899
2.68   0.0692165
2.69   0.0685409
2.7   0.0678721
2.71   0.0672102
2.72   0.0665549
2.73   0.0659063
2.74   0.0652644
2.75   0.0646289
2.76   0.0639999
2.77   0.0633773
2.78   0.062761
2.79   0.062151
2.8   0.0615473
2.81   0.0609496
2.82   0.0603581
2.83   0.0597726
2.84   0.0591931
2.85   0.0586195
2.86   0.0580518
2.87   0.0574899
2.88   0.0569337
2.89   0.0563832
2.9   0.0558384
2.91   0.0552991
2.92   0.0547654
2.93   0.0542371
2.94   0.0537143
2.95   0.0531968
2.96   0.0526847
2.97   0.0521778
2.98   0.0516762
2.99   0.0511797
3   0.0506883
3.01   0.050202
3.02   0.0497208
3.03   0.0492445
3.04   0.0487731
3.05   0.0483066
3.06   0.0478449
3.07   0.047388
3.08   0.0469359
3.09   0.0464884
3.1   0.0460456
3.11   0.0456074
3.12   0.0451738
3.13   0.0447446
3.14   0.04432
3.15   0.0438998
3.16   0.0434839
3.17   0.0430725
3.18   0.0426653
3.19   0.0422624
3.2   0.0418637
3.21   0.0414692
3.22   0.0410789
3.23   0.0406926
3.24   0.0403105
3.25   0.0399323
3.26   0.0395582
3.27   0.039188
3.28   0.0388217
3.29   0.0384593
3.3   0.0381008
3.31   0.037746
3.32   0.0373951
3.33   0.0370479
3.34   0.0367044
3.35   0.0363645
3.36   0.0360283
3.37   0.0356957
3.38   0.0353667
3.39   0.0350412
3.4   0.0347192
3.41   0.0344007
3.42   0.0340856
3.43   0.0337739
3.44   0.0334656
3.45   0.0331607
3.46   0.032859
3.47   0.0325607
3.48   0.0322656
3.49   0.0319737
3.5   0.0316851
3.51   0.0313996
3.52   0.0311172
3.53   0.030838
3.54   0.0305618
3.55   0.0302887
3.56   0.0300186
3.57   0.0297515
3.58   0.0294874
3.59   0.0292263
3.6   0.0289681
3.61   0.0287127
3.62   0.0284603
3.63   0.0282107
3.64   0.0279639
3.65   0.0277199
3.66   0.0274786
3.67   0.0272402
3.68   0.0270044
3.69   0.0267714
3.7   0.026541
3.71   0.0263133
3.72   0.0260882
3.73   0.0258657
3.74   0.0256458
3.75   0.0254285
3.76   0.0252137
3.77   0.0250014
3.78   0.0247916
3.79   0.0245843
3.8   0.0243795
3.81   0.0241771
3.82   0.0239772
3.83   0.0237796
3.84   0.0235844
3.85   0.0233915
3.86   0.023201
3.87   0.0230129
3.88   0.022827
3.89   0.0226434
3.9   0.0224621
3.91   0.022283
3.92   0.0221061
3.93   0.0219315
3.94   0.021759
3.95   0.0215887
3.96   0.0214206
3.97   0.0212546
3.98   0.0210908
3.99   0.0209291
4   0.0207694
4.01   0.0206118
4.02   0.0204563
4.03   0.0203029
4.04   0.0201514
4.05   0.020002
4.06   0.0198546
4.07   0.0197091
4.08   0.0195657
4.09   0.0194242
4.1   0.0192846
4.11   0.019147
4.12   0.0190113
4.13   0.0188774
4.14   0.0187455
4.15   0.0186154
4.16   0.0184873
4.17   0.0183609
4.18   0.0182364
4.19   0.0181137
4.2   0.0179928
4.21   0.0178738
4.22   0.0177565
4.23   0.017641
4.24   0.0175272
4.25   0.0174152
4.26   0.0173049
4.27   0.0171964
4.28   0.0170896
4.29   0.0169845
4.3   0.0168811
4.31   0.0167794
4.32   0.0166794
4.33   0.016581
4.34   0.0164843
4.35   0.0163893
4.36   0.0162958
4.37   0.016204
4.38   0.0161139
4.39   0.0160253
4.4   0.0159384
4.41   0.015853
4.42   0.0157692
4.43   0.015687
4.44   0.0156064
4.45   0.0155273
4.46   0.0154498
4.47   0.0153738
4.48   0.0152994
4.49   0.0152265
4.5   0.0151551
4.51   0.0150853
4.52   0.0150169
4.53   0.01495
4.54   0.0148847
4.55   0.0148208
4.56   0.0147584
4.57   0.0146975
4.58   0.0146381
4.59   0.0145801
4.6   0.0145236
4.61   0.0144685
4.62   0.0144149
4.63   0.0143627
4.64   0.0143119
4.65   0.0142626
4.66   0.0142147
4.67   0.0141683
4.68   0.0141232
4.69   0.0140796
4.7   0.0140373
4.71   0.0139965
4.72   0.0139571
4.73   0.0139191
4.74   0.0138824
4.75   0.0138472
4.76   0.0138133
4.77   0.0137808
4.78   0.0137497
4.79   0.01372
4.8   0.0136916
4.81   0.0136646
4.82   0.013639
4.83   0.0136148
4.84   0.0135919
4.85   0.0135703
4.86   0.0135501
4.87   0.0135313
4.88   0.0135138
4.89   0.0134977
4.9   0.0134829
4.91   0.0134695
4.92   0.0134574
4.93   0.0134467
4.94   0.0134373
4.95   0.0134293
4.96   0.0134226
4.97   0.0134172
4.98   0.0134132
4.99   0.0134105
5   0.0134092
5.01   0.0134092
5.02   0.0134105
5.03   0.0134132
5.04   0.0134173
5.05   0.0134226
5.06   0.0134293
5.07   0.0134374
5.08   0.0134468
5.09   0.0134575
5.1   0.0134696
5.11   0.0134831
5.12   0.0134979
5.13   0.013514
5.14   0.0135315
5.15   0.0135503
5.16   0.0135705
5.17   0.0135921
5.18   0.013615
5.19   0.0136393
5.2   0.0136649
5.21   0.0136919
5.22   0.0137203
5.23   0.01375
5.24   0.0137811
5.25   0.0138136
5.26   0.0138475
5.27   0.0138828
5.28   0.0139194
5.29   0.0139575
5.3   0.0139969
5.31   0.0140378
5.32   0.01408
5.33   0.0141237
5.34   0.0141687
5.35   0.0142152
5.36   0.0142631
5.37   0.0143124
5.38   0.0143632
5.39   0.0144154
5.4   0.014469
5.41   0.0145241
5.42   0.0145806
5.43   0.0146386
5.44   0.0146981
5.45   0.014759
5.46   0.0148214
5.47   0.0148853
5.48   0.0149507
5.49   0.0150176
5.5   0.0150859
5.51   0.0151558
5.52   0.0152272
5.53   0.0153001
5.54   0.0153746
5.55   0.0154506
5.56   0.0155281
5.57   0.0156072
5.58   0.0156878
5.59   0.0157701
5.6   0.0158538
5.61   0.0159392
5.62   0.0160262
5.63   0.0161148
5.64   0.0162049
5.65   0.0162968
5.66   0.0163902
5.67   0.0164853
5.68   0.016582
5.69   0.0166804
5.7   0.0167804
5.71   0.0168821
5.72   0.0169856
5.73   0.0170907
5.74   0.0171975
5.75   0.017306
5.76   0.0174163
5.77   0.0175283
5.78   0.0176421
5.79   0.0177576
5.8   0.0178749
5.81   0.017994
5.82   0.0181149
5.83   0.0182376
5.84   0.0183621
5.85   0.0184885
5.86   0.0186167
5.87   0.0187468
5.88   0.0188788
5.89   0.0190126
5.9   0.0191483
5.91   0.019286
5.92   0.0194256
5.93   0.0195671
5.94   0.0197106
5.95   0.019856
5.96   0.0200035
5.97   0.0201529
5.98   0.0203044
5.99   0.0204579
6   0.0206134
6.01   0.020771
6.02   0.0209306
6.03   0.0210924
6.04   0.0212563
6.05   0.0214223
6.06   0.0215904
6.07   0.0217607
6.08   0.0219332
6.09   0.0221079
6.1   0.0222847
6.11   0.0224638
6.12   0.0226452
6.13   0.0228288
6.14   0.0230147
6.15   0.0232029
6.16   0.0233934
6.17   0.0235863
6.18   0.0237815
6.19   0.0239791
6.2   0.0241791
6.21   0.0243815
6.22   0.0245864
6.23   0.0247937
6.24   0.0250035
6.25   0.0252158
6.26   0.0254306
6.27   0.025648
6.28   0.0258679
6.29   0.0260904
6.3   0.0263155
6.31   0.0265432
6.32   0.0267736
6.33   0.0270067
6.34   0.0272425
6.35   0.027481
6.36   0.0277223
6.37   0.0279663
6.38   0.0282131
6.39   0.0284628
6.4   0.0287152
6.41   0.0289706
6.42   0.0292289
6.43   0.02949
6.44   0.0297542
6.45   0.0300213
6.46   0.0302914
6.47   0.0305645
6.48   0.0308407
6.49   0.03112
6.5   0.0314024
6.51   0.0316879
6.52   0.0319766
6.53   0.0322685
6.54   0.0325636
6.55   0.032862
6.56   0.0331637
6.57   0.0334687
6.58   0.033777
6.59   0.0340887
6.6   0.0344038
6.61   0.0347224
6.62   0.0350444
6.63   0.0353699
6.64   0.035699
6.65   0.0360316
6.66   0.0363679
6.67   0.0367077
6.68   0.0370513
6.69   0.0373985
6.7   0.0377495
6.71   0.0381043
6.72   0.0384629
6.73   0.0388253
6.74   0.0391916
6.75   0.0395619
6.76   0.039936
6.77   0.0403142
6.78   0.0406964
6.79   0.0410827
6.8   0.0414731
6.81   0.0418676
6.82   0.0422663
6.83   0.0426693
6.84   0.0430765
6.85   0.043488
6.86   0.0439039
6.87   0.0443242
6.88   0.0447489
6.89   0.045178
6.9   0.0456117
6.91   0.04605
6.92   0.0464928
6.93   0.0469403
6.94   0.0473925
6.95   0.0478494
6.96   0.0483112
6.97   0.0487777
6.98   0.0492491
6.99   0.0497255
7   0.0502068
7.01   0.0506932
7.02   0.0511846
7.03   0.0516811
7.04   0.0521828
7.05   0.0526898
7.06   0.0532019
7.07   0.0537195
7.08   0.0542423
7.09   0.0547706
7.1   0.0553044
7.11   0.0558437
7.12   0.0563886
7.13   0.0569392
7.14   0.0574954
7.15   0.0580574
7.16   0.0586252
7.17   0.0591988
7.18   0.0597784
7.19   0.0603639
7.2   0.0609555
7.21   0.0615532
7.22   0.062157
7.23   0.0627671
7.24   0.0633834
7.25   0.0640061
7.26   0.0646351
7.27   0.0652707
7.28   0.0659127
7.29   0.0665614
7.3   0.0672167
7.31   0.0678787
7.32   0.0685475
7.33   0.0692232
7.34   0.0699058
7.35   0.0705954
7.36   0.071292
7.37   0.0719958
7.38   0.0727067
7.39   0.073425
7.4   0.0741506
7.41   0.0748836
7.42   0.075624
7.43   0.0763721
7.44   0.0771278
7.45   0.0778912
7.46   0.0786624
7.47   0.0794414
7.48   0.0802284
7.49   0.0810234
7.5   0.0818266
7.51   0.0826379
7.52   0.0834574
7.53   0.0842853
7.54   0.0851217
7.55   0.0859665
7.56   0.08682
7.57   0.0876821
7.58   0.088553
7.59   0.0894328
7.6   0.0903215
7.61   0.0912192
7.62   0.0921261
7.63   0.0930422
7.64   0.0939675
7.65   0.0949023
7.66   0.0958466
7.67   0.0968004
7.68   0.0977639
7.69   0.0987372
7.7   0.0997204
7.71   0.100714
7.72   0.101717
7.73   0.10273
7.74   0.103754
7.75   0.104788
7.76   0.105832
7.77   0.106887
7.78   0.107953
7.79   0.10903
7.8   0.110117
7.81   0.111216
7.82   0.112325
7.83   0.113446
7.84   0.114578
7.85   0.115722
7.86   0.116877
7.87   0.118044
7.88   0.119223
7.89   0.120414
7.9   0.121616
7.91   0.122831
7.92   0.124058
7.93   0.125298
7.94   0.12655
7.95   0.127815
7.96   0.129092
7.97   0.130383
7.98   0.131686
7.99   0.133003
8   0.134332
8.01   0.135676
8.02   0.137033
8.03   0.138403
8.04   0.139788
8.05   0.141186
8.06   0.142599
8.07   0.144026
8.08   0.145467
8.09   0.146923
8.1   0.148393
8.11   0.149878
8.12   0.151379
8.13   0.152894
8.14   0.154425
8.15   0.155971
8.16   0.157533
8.17   0.15911
8.18   0.160704
8.19   0.162313
8.2   0.163939
8.21   0.165581
8.22   0.16724
8.23   0.168915
8.24   0.170607
8.25   0.172317
8.26   0.174043
8.27   0.175787
8.28   0.177549
8.29   0.179328
8.3   0.181125
8.31   0.182941
8.32   0.184774
8.33   0.186627
8.34   0.188497
8.35   0.190387
8.36   0.192296
8.37   0.194224
8.38   0.196171
8.39   0.198138
8.4   0.200125
8.41   0.202131
8.42   0.204158
8.43   0.206206
8.44   0.208274
8.45   0.210363
8.46   0.212473
8.47   0.214604
8.48   0.216756
8.49   0.218931
8.5   0.221127
8.51   0.223345
8.52   0.225586
8.53   0.227849
8.54   0.230135
8.55   0.232444
8.56   0.234776
8.57   0.237132
8.58   0.239511
8.59   0.241914
8.6   0.244342
8.61   0.246794
8.62   0.249271
8.63   0.251772
8.64   0.254299
8.65   0.256851
8.66   0.259429
8.67   0.262033
8.68   0.264663
8.69   0.267319
8.7   0.270003
8.71   0.272713
8.72   0.27545
8.73   0.278215
8.74   0.281008
8.75   0.283829
8.76   0.286679
8.77   0.289557
8.78   0.292464
8.79   0.2954
8.8   0.298366
8.81   0.301361
8.82   0.304387
8.83   0.307443
8.84   0.31053
8.85   0.313648
8.86   0.316797
8.87   0.319978
8.88   0.323191
8.89   0.326437
8.9   0.329715
8.91   0.333026
8.92   0.33637
8.93   0.339748
8.94   0.34316
8.95   0.346606
8.96   0.350087
8.97   0.353602
8.98   0.357154
8.99   0.360741
9   0.364364
9.01   0.368023
9.02   0.371719
9.03   0.375453
9.04   0.379224
9.05   0.383033
9.06   0.38688
9.07   0.390766
9.08   0.39469
9.09   0.398655
9.1   0.402659
9.11   0.406704
9.12   0.410789
9.13   0.414915
9.14   0.419083
9.15   0.423293
9.16   0.427545
9.17   0.431839
9.18   0.436177
9.19   0.440559
9.2   0.444985
9.21   0.449455
9.22   0.45397
9.23   0.45853
9.24   0.463137
9.25   0.467789
9.26   0.472489
9.27   0.477235
9.28   0.48203
9.29   0.486872
9.3   0.491764
9.31   0.496704
9.32   0.501694
9.33   0.506735
9.34   0.511826
9.35   0.516968
9.36   0.522162
9.37   0.527408
9.38   0.532706
9.39   0.538058
9.4   0.543464
9.41   0.548925
9.42   0.55444
9.43   0.56001
9.44   0.565637
9.45   0.57132
9.46   0.57706
9.47   0.582858
9.48   0.588714
9.49   0.59463
9.5   0.600604
9.51   0.606639
9.52   0.612734
9.53   0.618891
9.54   0.625109
9.55   0.63139
9.56   0.637734
9.57   0.644142
9.58   0.650615
9.59   0.657152
9.6   0.663755
9.61   0.670424
9.62   0.677161
9.63   0.683965
9.64   0.690838
9.65   0.69778
9.66   0.704791
9.67   0.711873
9.68   0.719026
9.69   0.726251
9.7   0.733549
9.71   0.74092
9.72   0.748365
9.73   0.755885
9.74   0.763481
9.75   0.771152
9.76   0.778901
9.77   0.786728
9.78   0.794634
9.79   0.802619
9.8   0.810684
9.81   0.818831
9.82   0.827059
9.83   0.83537
9.84   0.843764
9.85   0.852243
9.86   0.860807
9.87   0.869457
9.88   0.878195
9.89   0.88702
9.9   0.895933
9.91   0.904936
9.92   0.91403
9.93   0.923215
9.94   0.932493
9.95   0.941863
9.96   0.951328
9.97   0.960888
9.98   0.970544
9.99   0.980298
10   0.990149