2e-16         6.12303e-17
3e-16         6.12303e-17
4e-16         6.12303e-17
5e-16         6.12303e-17
6e-16         6.12303e-17
7e-16         6.12303e-17
8e-16         6.12303e-17
9e-16         6.12303e-17
1e-15         6.12303e-17
1.1e-15         6.12303e-17
1.2e-15         6.12303e-17
1.3e-15         6.12303e-17
1.4e-15         6.12303e-17
1.5e-15         6.12303e-17
1.6e-15         6.12303e-17
1.7e-15         6.12303e-17
1.8e-15         6.12303e-17
1.9e-15         6.12303e-17
2e-15         6.12303e-17
2.1e-15         6.12303e-17
2.2e-15         6.12303e-17
2.3e-15         6.12303e-17
2.4e-15         6.12303e-17
2.5e-15         6.12303e-17
2.6e-15         6.12303e-17
2.7e-15         6.12303e-17
2.8e-15         6.12303e-17
2.9e-15         6.12303e-17
3e-15         6.12303e-17
3.1e-15         6.12303e-17
3.2e-15         6.12303e-17
3.3e-15         6.12303e-17
3.4e-15         6.12303e-17
3.5e-15         6.12303e-17
3.6e-15         6.12303e-17
3.7e-15         6.12303e-17
3.8e-15         6.12303e-17
3.9e-15         6.12303e-17
4e-15         6.12303e-17
4.1e-15         6.12303e-17
4.2e-15         6.12303e-17
4.3e-15         6.12303e-17
4.4e-15         6.12303e-17
4.5e-15         6.12303e-17
4.6e-15         6.12303e-17
4.7e-15         6.12303e-17
4.8e-15         6.12303e-17
4.9e-15         6.12303e-17
5e-15         6.12303e-17
5.1e-15         6.12303e-17
5.2e-15         6.12303e-17
5.3e-15         6.12303e-17
5.4e-15         6.12303e-17
5.5e-15         6.12303e-17
5.6e-15         6.12303e-17
5.7e-15         6.12303e-17
5.8e-15         6.12303e-17
5.9e-15         6.12303e-17
6e-15         6.12303e-17
6.1e-15         6.12303e-17
6.2e-15         6.12303e-17
6.3e-15         6.12303e-17
6.4e-15         6.12303e-17
6.5e-15         6.12303e-17
6.6e-15         6.12303e-17
6.7e-15         6.12303e-17
6.8e-15         6.12303e-17
6.9e-15         6.12303e-17
7e-15         6.12303e-17
7.1e-15         6.12303e-17
7.2e-15         6.12303e-17
7.3e-15         6.12303e-17
7.4e-15         6.12303e-17
7.5e-15         6.12303e-17
7.6e-15         6.12303e-17
7.7e-15         6.12303e-17
7.8e-15         6.12303e-17
7.9e-15         6.12303e-17
8e-15         6.12303e-17
8.1e-15         6.12303e-17
8.2e-15         6.12303e-17
8.3e-15         6.12303e-17
8.4e-15         6.12303e-17
8.5e-15         6.12303e-17
8.6e-15         6.12303e-17
8.7e-15         6.12303e-17
8.8e-15         6.12303e-17
8.9e-15         6.12303e-17
9e-15         6.12303e-17
9.1e-15         6.12303e-17
9.2e-15         6.12303e-17
9.3e-15         6.12303e-17
9.4e-15         6.12303e-17
9.5e-15         6.12303e-17
9.6e-15         6.12303e-17
9.7e-15         6.12303e-17
9.8e-15         6.12303e-17
9.9e-15         6.12303e-17
1e-14         6.12303e-17
1.01e-14         6.12303e-17
1.02e-14         6.12303e-17
1.12e-14         6.12303e-17
1.22e-14         6.12303e-17
1.32e-14         6.12303e-17
1.42e-14         6.12303e-17
1.52e-14         6.12303e-17
1.62e-14         6.12303e-17
1.72e-14         6.12303e-17
1.82e-14         6.12303e-17
1.92e-14         6.12303e-17
2.02e-14         6.12303e-17
2.12e-14         6.12303e-17
2.22e-14         6.12303e-17
2.32e-14         6.12303e-17
2.42e-14         6.12303e-17
2.52e-14         6.12303e-17
2.62e-14         6.12303e-17
2.72e-14         6.12303e-17
2.82e-14         6.12303e-17
2.92e-14         6.12303e-17
3.02e-14         6.12303e-17
3.12e-14         6.12303e-17
3.22e-14         6.12303e-17
3.32e-14         6.12303e-17
3.42e-14         6.12303e-17
3.52e-14         6.12303e-17
3.62e-14         6.12303e-17
3.72e-14         6.12303e-17
3.82e-14         6.12303e-17
3.92e-14         6.12303e-17
4.02e-14         6.12303e-17
4.12e-14         6.12303e-17
4.22e-14         6.12303e-17
4.32e-14         6.12303e-17
4.42e-14         6.12303e-17
4.52e-14         6.12303e-17
4.62e-14         6.12303e-17
4.72e-14         6.12303e-17
4.82e-14         6.12303e-17
4.92e-14         6.12303e-17
5.02e-14         6.12303e-17
5.12e-14         6.12303e-17
5.22e-14         6.12303e-17
5.32e-14         6.12303e-17
5.42e-14         6.12303e-17
5.52e-14         6.12303e-17
5.62e-14         6.12303e-17
5.72e-14         6.12303e-17
5.82e-14         6.12303e-17
5.92e-14         6.12303e-17
6.02e-14         6.12303e-17
6.12e-14         6.12303e-17
6.22e-14         6.12303e-17
6.32e-14         6.12303e-17
6.42e-14         6.12303e-17
6.52e-14         6.12303e-17
6.62e-14         6.12303e-17
6.72e-14         6.12303e-17
6.82e-14         6.12303e-17
6.92e-14         6.12303e-17
7.02e-14         6.12303e-17
7.12e-14         6.12303e-17
7.22e-14         6.12303e-17
7.32e-14         6.12303e-17
7.42e-14         6.12303e-17
7.52e-14         6.12303e-17
7.62e-14         6.12303e-17
7.72e-14         6.12303e-17
7.82e-14         6.12303e-17
7.92e-14         6.12303e-17
8.02e-14         6.12303e-17
8.12e-14         6.12303e-17
8.22e-14         6.12303e-17
8.32e-14         6.12303e-17
8.42e-14         6.12303e-17
8.52e-14         6.12303e-17
8.62e-14         6.12303e-17
8.72e-14         6.12303e-17
8.82e-14         6.12303e-17
8.92e-14         6.12303e-17
9.02e-14         6.12303e-17
9.12e-14         6.12303e-17
9.22e-14         6.12303e-17
9.32e-14         6.12303e-17
9.42e-14         6.12303e-17
9.52e-14         6.12303e-17
9.62e-14         6.12303e-17
9.72e-14         6.12303e-17
9.82e-14         6.12303e-17
9.92e-14         6.12303e-17
1.002e-13         6.12303e-17
1.012e-13         6.12303e-17
1.022e-13         6.12303e-17
1.032e-13         6.12303e-17
1.042e-13         6.12303e-17
1.052e-13         6.12303e-17
1.062e-13         6.12303e-17
1.072e-13         6.12303e-17
1.082e-13         6.12303e-17
1.092e-13         6.12303e-17
1.102e-13         6.12303e-17
1.202e-13         6.12303e-17
1.302e-13         6.12303e-17
1.402e-13         6.12303e-17
1.502e-13         6.12303e-17
1.602e-13         6.12303e-17
1.702e-13         6.12303e-17
1.802e-13         6.12303e-17
1.902e-13         6.12303e-17
2.002e-13         6.12303e-17
2.102e-13         6.12303e-17
2.202e-13         6.12303e-17
2.302e-13         6.12303e-17
2.402e-13         6.12303e-17
2.502e-13         6.12303e-17
2.602e-13         6.12303e-17
2.702e-13         6.12303e-17
2.802e-13         6.12303e-17
2.902e-13         6.12303e-17
3.002e-13         6.12303e-17
3.102e-13         6.12303e-17
3.202e-13         6.12303e-17
3.302e-13         6.12303e-17
3.402e-13         6.12303e-17
3.502e-13         6.12303e-17
3.602e-13         6.12303e-17
3.702e-13         6.12303e-17
3.802e-13         6.12303e-17
3.902e-13         6.12303e-17
4.002e-13         6.12303e-17
4.102e-13         6.12303e-17
4.202e-13         6.12303e-17
4.302e-13         6.12303e-17
4.402e-13         6.12303e-17
4.502e-13         6.12303e-17
4.602e-13         6.12303e-17
4.702e-13         6.12303e-17
4.802e-13         6.12303e-17
4.902e-13         6.12303e-17
5.002e-13         6.12303e-17
5.102e-13         6.12303e-17
5.202e-13         6.12303e-17
5.302e-13         6.12303e-17
5.402e-13         6.12303e-17
5.502e-13         6.12303e-17
5.602e-13         6.12303e-17
5.702e-13         6.12303e-17
5.802e-13         6.12303e-17
5.902e-13         6.12303e-17
6.002e-13         6.12303e-17
6.102e-13         6.12303e-17
6.202e-13         6.12303e-17
6.302e-13         6.12303e-17
6.402e-13         6.12303e-17
6.502e-13         6.12303e-17
6.602e-13         6.12303e-17
6.702e-13         6.12303e-17
6.802e-13         6.12303e-17
6.902e-13         6.12303e-17
7.002e-13         6.12303e-17
7.102e-13         6.12303e-17
7.202e-13         6.12303e-17
7.302e-13         6.12303e-17
7.402e-13         6.12303e-17
7.502e-13         6.12303e-17
7.602e-13         6.12303e-17
7.702e-13         6.12303e-17
7.802e-13         6.12303e-17
7.902e-13         6.12303e-17
8.002e-13         6.12303e-17
8.102e-13         6.12303e-17
8.202e-13         6.12303e-17
8.302e-13         6.12303e-17
8.402e-13         6.12303e-17
8.502e-13         6.12303e-17
8.602e-13         6.12303e-17
8.702e-13         6.12303e-17
8.802e-13         6.12303e-17
8.902e-13         6.12303e-17
9.002e-13         6.12303e-17
9.102e-13         6.12303e-17
9.202e-13         6.12303e-17
9.302e-13         6.12303e-17
9.402e-13         6.12303e-17
9.502e-13         6.12303e-17
9.602e-13         6.12303e-17
9.702e-13         6.12303e-17
9.802e-13         6.12303e-17
9.902e-13         6.12303e-17
1.0002e-12         6.12303e-17
1.0102e-12         6.12303e-17
1.0202e-12         6.12303e-17
1.0302e-12         6.12303e-17
1.0402e-12         6.12303e-17
1.0502e-12         6.12303e-17
1.0602e-12         6.12303e-17
1.0702e-12         6.12303e-17
1.0802e-12         6.12303e-17
1.0902e-12         6.12303e-17
1.1002e-12         6.12303e-17
1.1102e-12         6.12303e-17
1.2102e-12         6.12303e-17
1.3102e-12         6.12303e-17
1.4102e-12         6.12303e-17
1.5102e-12         6.12303e-17
1.6102e-12         6.12303e-17
1.7102e-12         6.12303e-17
1.8102e-12         6.12303e-17
1.9102e-12         6.12303e-17
2.0102e-12         6.12303e-17
2.1102e-12         6.12303e-17
2.2102e-12         6.12303e-17
2.3102e-12         6.12303e-17
2.4102e-12         6.12303e-17
2.5102e-12         6.12303e-17
2.6102e-12         6.12303e-17
2.7102e-12         6.12303e-17
2.8102e-12         6.12303e-17
2.9102e-12         6.12303e-17
3.0102e-12         6.12303e-17
3.1102e-12         6.12303e-17
3.2102e-12         6.12303e-17
3.3102e-12         6.12303e-17
3.4102e-12         6.12303e-17
3.5102e-12         6.12303e-17
3.6102e-12         6.12303e-17
3.7102e-12         6.12303e-17
3.8102e-12         6.12303e-17
3.9102e-12         6.12303e-17
4.0102e-12         6.12303e-17
4.1102e-12         6.12303e-17
4.2102e-12         6.12303e-17
4.3102e-12         6.12303e-17
4.4102e-12         6.12303e-17
4.5102e-12         6.12303e-17
4.6102e-12         6.12303e-17
4.7102e-12         6.12303e-17
4.8102e-12         6.12303e-17
4.9102e-12         6.12303e-17
5.0102e-12         6.12303e-17
5.1102e-12         6.12303e-17
5.2102e-12         6.12303e-17
5.3102e-12         6.12303e-17
5.4102e-12         6.12303e-17
5.5102e-12         6.12303e-17
5.6102e-12         6.12303e-17
5.7102e-12         6.12303e-17
5.8102e-12         6.12303e-17
5.9102e-12         6.12303e-17
6.0102e-12         6.12303e-17
6.1102e-12         6.12303e-17
6.2102e-12         6.12303e-17
6.3102e-12         6.12303e-17
6.4102e-12         6.12303e-17
6.5102e-12         6.12303e-17
6.6102e-12         6.12303e-17
6.7102e-12         6.12303e-17
6.8102e-12         6.12303e-17
6.9102e-12         6.12303e-17
7.0102e-12         6.12303e-17
7.1102e-12         6.12303e-17
7.2102e-12         6.12303e-17
7.3102e-12         6.12303e-17
7.4102e-12         6.12303e-17
7.5102e-12         6.12303e-17
7.6102e-12         6.12303e-17
7.7102e-12         6.12303e-17
7.8102e-12         6.12303e-17
7.9102e-12         6.12303e-17
8.0102e-12         6.12303e-17
8.1102e-12         6.12303e-17
8.2102e-12         6.12303e-17
8.3102e-12         6.12303e-17
8.4102e-12         6.12303e-17
8.5102e-12         6.12303e-17
8.6102e-12         6.12303e-17
8.7102e-12         6.12303e-17
8.8102e-12         6.12303e-17
8.9102e-12         6.12303e-17
9.0102e-12         6.12303e-17
9.1102e-12         6.12303e-17
9.2102e-12         6.12303e-17
9.3102e-12         6.12303e-17
9.4102e-12         6.12303e-17
9.5102e-12         6.12303e-17
9.6102e-12         6.12303e-17
9.7102e-12         6.12303e-17
9.8102e-12         6.12303e-17
9.9102e-12         6.12303e-17
1.00102e-11         6.12303e-17
1.01102e-11         6.12303e-17
1.02102e-11         6.12303e-17
1.03102e-11         6.12303e-17
1.04102e-11         6.12303e-17
1.05102e-11         6.12303e-17
1.06102e-11         6.12303e-17
1.07102e-11         6.12303e-17
1.08102e-11         6.12303e-17
1.09102e-11         6.12303e-17
1.10102e-11         6.12303e-17
1.11102e-11         6.12303e-17
1.21102e-11         6.12303e-17
1.31102e-11         6.12303e-17
1.41102e-11         6.12303e-17
1.51102e-11         6.12303e-17
1.61102e-11         6.12303e-17
1.71102e-11         6.12303e-17
1.81102e-11         6.12303e-17
1.91102e-11         6.12303e-17
2.01102e-11         6.12303e-17
2.11102e-11         6.12303e-17
2.21102e-11         6.12303e-17
2.31102e-11         6.12303e-17
2.41102e-11         6.12303e-17
2.51102e-11         6.12303e-17
2.61102e-11         6.12303e-17
2.71102e-11         6.12303e-17
2.81102e-11         6.12303e-17
2.91102e-11         6.12303e-17
3.01102e-11         6.12303e-17
3.11102e-11         6.12303e-17
3.21102e-11         6.12303e-17
3.31102e-11         6.12303e-17
3.41102e-11         6.12303e-17
3.51102e-11         6.12303e-17
3.61102e-11         6.12303e-17
3.71102e-11         6.12303e-17
3.81102e-11         6.12303e-17
3.91102e-11         6.12303e-17
4.01102e-11         6.12303e-17
4.11102e-11         6.12303e-17
4.21102e-11         6.12303e-17
4.31102e-11         6.12303e-17
4.41102e-11         6.12303e-17
4.51102e-11         6.12303e-17
4.61102e-11         6.12303e-17
4.71102e-11         6.12303e-17
4.81102e-11         6.12303e-17
4.91102e-11         6.12303e-17
5.01102e-11         6.12303e-17
5.11102e-11         6.12303e-17
5.21102e-11         6.12303e-17
5.31102e-11         6.12303e-17
5.41102e-11         6.12303e-17
5.51102e-11         6.12303e-17
5.61102e-11         6.12303e-17
5.71102e-11         6.12303e-17
5.81102e-11         6.12303e-17
5.91102e-11         6.12303e-17
6.01102e-11         6.12303e-17
6.11102e-11         6.12303e-17
6.21102e-11         6.12303e-17
6.31102e-11         6.12303e-17
6.41102e-11         6.12303e-17
6.51102e-11         6.12303e-17
6.61102e-11         6.12303e-17
6.71102e-11         6.12303e-17
6.81102e-11         6.12303e-17
6.91102e-11         6.12303e-17
7.01102e-11         6.12303e-17
7.11102e-11         6.12303e-17
7.21102e-11         6.12303e-17
7.31102e-11         6.12303e-17
7.41102e-11         6.12303e-17
7.51102e-11         6.12303e-17
7.61102e-11         6.12303e-17
7.71102e-11         6.12303e-17
7.81102e-11         6.12303e-17
7.91102e-11         6.12303e-17
8.01102e-11         6.12303e-17
8.11102e-11         6.12303e-17
8.21102e-11         6.12303e-17
8.31102e-11         6.12303e-17
8.41102e-11         6.12303e-17
8.51102e-11         6.12303e-17
8.61102e-11         6.12303e-17
8.71102e-11         6.12303e-17
8.81102e-11         6.12303e-17
8.91102e-11         6.12303e-17
9.01102e-11         6.12303e-17
9.11102e-11         6.12303e-17
9.21102e-11         6.12303e-17
9.31102e-11         6.12303e-17
9.41102e-11         6.12303e-17
9.51102e-11         6.12303e-17
9.61102e-11         6.12303e-17
9.71102e-11         6.12303e-17
9.81102e-11         6.12303e-17
9.91102e-11         6.12303e-17
1.0011e-10         6.12303e-17
1.0111e-10         6.12303e-17
1.0211e-10         6.12303e-17
1.0311e-10         6.12303e-17
1.0411e-10         6.12303e-17
1.0511e-10         6.12303e-17
1.0611e-10         6.12303e-17
1.0711e-10         6.12303e-17
1.0811e-10         6.12303e-17
1.0911e-10         6.12303e-17
1.1011e-10         6.12303e-17
1.1111e-10         6.12303e-17
1.2111e-10         6.12303e-17
1.3111e-10         6.12303e-17
1.4111e-10         6.12303e-17
1.5111e-10         6.12303e-17
1.6111e-10         6.12303e-17
1.7111e-10         6.12303e-17
1.8111e-10         6.12303e-17
1.9111e-10         6.12303e-17
2.0111e-10         6.12303e-17
2.1111e-10         6.12303e-17
2.2111e-10         6.12303e-17
2.3111e-10         6.12303e-17
2.4111e-10         6.12303e-17
2.5111e-10         6.12303e-17
2.6111e-10         6.12303e-17
2.7111e-10         6.12303e-17
2.8111e-10         6.12303e-17
2.9111e-10         6.12303e-17
3.0111e-10         6.12303e-17
3.1111e-10         6.12303e-17
3.2111e-10         6.12303e-17
3.3111e-10         6.12303e-17
3.4111e-10         6.12303e-17
3.5111e-10         6.12303e-17
3.6111e-10         6.12303e-17
3.7111e-10         6.12303e-17
3.8111e-10         6.12303e-17
3.9111e-10         6.12303e-17
4.0111e-10         6.12303e-17
4.1111e-10         6.12303e-17
4.2111e-10         6.12303e-17
4.3111e-10         6.12303e-17
4.4111e-10         6.12303e-17
4.5111e-10         6.12303e-17
4.6111e-10         6.12303e-17
4.7111e-10         6.12303e-17
4.8111e-10         6.12303e-17
4.9111e-10         6.12303e-17
5.0111e-10         6.12303e-17
5.1111e-10         6.12303e-17
5.2111e-10         6.12303e-17
5.3111e-10         6.12303e-17
5.4111e-10         6.12303e-17
5.5111e-10         6.12303e-17
5.6111e-10         6.12303e-17
5.7111e-10         6.12303e-17
5.8111e-10         6.12303e-17
5.9111e-10         6.12303e-17
6.0111e-10         6.12303e-17
6.1111e-10         6.12303e-17
6.2111e-10         6.12303e-17
6.3111e-10         6.12303e-17
6.4111e-10         6.12303e-17
6.5111e-10         6.12303e-17
6.6111e-10         6.12303e-17
6.7111e-10         6.12303e-17
6.8111e-10         6.12303e-17
6.9111e-10         6.12303e-17
7.0111e-10         6.12303e-17
7.1111e-10         6.12303e-17
7.2111e-10         6.12303e-17
7.3111e-10         6.12303e-17
7.4111e-10         6.12303e-17
7.5111e-10         6.12303e-17
7.6111e-10         6.12303e-17
7.7111e-10         6.12303e-17
7.8111e-10         6.12303e-17
7.9111e-10         6.12303e-17
8.0111e-10         6.12303e-17
8.1111e-10         6.12303e-17
8.2111e-10         6.12303e-17
8.3111e-10         6.12303e-17
8.4111e-10         6.12303e-17
8.5111e-10         6.12303e-17
8.6111e-10         6.12303e-17
8.7111e-10         6.12303e-17
8.8111e-10         6.12303e-17
8.9111e-10         6.12303e-17
9.0111e-10         6.12303e-17
9.1111e-10         6.12303e-17
9.2111e-10         6.12303e-17
9.3111e-10         6.12303e-17
9.4111e-10         6.12303e-17
9.5111e-10         6.12303e-17
9.6111e-10         6.12303e-17
9.7111e-10         6.12303e-17
9.8111e-10         6.12303e-17
9.9111e-10         6.12303e-17
1.00111e-09         6.12303e-17
1.01111e-09         6.12303e-17
1.02111e-09         6.12303e-17
1.03111e-09         6.12303e-17
1.04111e-09         6.12303e-17
1.05111e-09         6.12303e-17
1.06111e-09         6.12303e-17
1.07111e-09         6.12303e-17
1.08111e-09         6.12303e-17
1.09111e-09         6.12303e-17
1.10111e-09         6.12303e-17
1.11111e-09         6.12303e-17
1.21111e-09         6.12303e-17
1.31111e-09         6.12303e-17
1.41111e-09         6.12303e-17
1.51111e-09         6.12303e-17
1.61111e-09         6.12303e-17
1.71111e-09         6.12303e-17
1.81111e-09         6.12303e-17
1.91111e-09         6.12303e-17
2.01111e-09         6.12303e-17
2.11111e-09         6.12303e-17
2.21111e-09         6.12303e-17
2.31111e-09         6.12303e-17
2.41111e-09         6.12303e-17
2.51111e-09         6.12303e-17
2.61111e-09         6.12303e-17
2.71111e-09         6.12303e-17
2.81111e-09         6.12303e-17
2.91111e-09         6.12303e-17
3.01111e-09         6.12303e-17
3.11111e-09         6.12303e-17
3.21111e-09         6.12303e-17
3.31111e-09         6.12303e-17
3.41111e-09         6.12303e-17
3.51111e-09         6.12303e-17
3.61111e-09         6.12303e-17
3.71111e-09         6.12303e-17
3.81111e-09         6.12303e-17
3.91111e-09         6.12303e-17
4.01111e-09         6.12303e-17
4.11111e-09         6.12303e-17
4.21111e-09         6.12303e-17
4.31111e-09         6.12303e-17
4.41111e-09         6.12303e-17
4.51111e-09         6.12303e-17
4.61111e-09         6.12303e-17
4.71111e-09         6.12303e-17
4.81111e-09         6.12303e-17
4.91111e-09         6.12303e-17
5.01111e-09         6.12303e-17
5.11111e-09         6.12303e-17
5.21111e-09         6.12303e-17
5.31111e-09         1.74198e-09
5.41111e-09         1.70979e-09
5.51111e-09         1.67876e-09
5.61111e-09         1.64885e-09
5.71111e-09         1.61998e-09
5.81111e-09         1.5921e-09
5.91111e-09         1.56516e-09
6.01111e-09         1.53913e-09
6.11111e-09         1.51394e-09
6.21111e-09         1.48957e-09
6.31111e-09         1.46596e-09
6.41111e-09         1.4431e-09
6.51111e-09         1.42093e-09
6.61111e-09         1.39944e-09
6.71111e-09         1.37859e-09
6.81111e-09         1.35835e-09
6.91111e-09         1.33869e-09
7.01111e-09         1.3196e-09
7.11111e-09         1.30104e-09
7.21111e-09         1.283e-09
7.31111e-09         1.26545e-09
7.41111e-09         1.24838e-09
7.51111e-09         1.23176e-09
7.61111e-09         1.21557e-09
7.71111e-09         1.19981e-09
7.81111e-09         1.18445e-09
7.91111e-09         1.16948e-09
8.01111e-09         1.15488e-09
8.11111e-09         1.14064e-09
8.21111e-09         1.12675e-09
8.31111e-09         1.11319e-09
8.41111e-09         1.09996e-09
8.51111e-09         1.08703e-09
8.61111e-09         1.07441e-09
8.71111e-09         1.06208e-09
8.81111e-09         1.05002e-09
8.91111e-09         1.03824e-09
9.01111e-09         1.02672e-09
9.11111e-09         1.01545e-09
9.21111e-09         2.00885e-09
9.31111e-09         1.98727e-09
9.41111e-09         1.96616e-09
9.51111e-09         1.94548e-09
9.61111e-09         1.92524e-09
9.71111e-09         1.90542e-09
9.81111e-09         1.886e-09
9.91111e-09         1.86697e-09
1.00111e-08         1.84832e-09
1.01111e-08         1.83004e-09
1.02111e-08         1.81212e-09
1.03111e-08         1.79454e-09
1.04111e-08         1.7773e-09
1.05111e-08         1.7604e-09
1.06111e-08         1.74381e-09
1.07111e-08         1.72753e-09
1.08111e-08         1.71155e-09
1.09111e-08         1.69586e-09
1.10111e-08         1.68046e-09
1.11111e-08         1.66533e-09
1.21111e-08         2.29175e-09
1.31111e-08         2.11695e-09
1.41111e-08         2.62257e-09
1.51111e-08         2.44902e-09
1.61111e-08         1.72276e-09
1.71111e-08         1.62208e-09
1.81111e-08         1.02168e-09
1.91111e-08         4.84109e-10
2.01111e-08         4.60037e-10
2.11111e-08         6.12303e-17
2.21111e-08         4.18426e-10
2.31111e-08         8.00642e-10
2.41111e-08         7.67435e-10
2.51111e-08         1.10531e-09
2.61111e-08         1.41731e-09
2.71111e-08         1.02377e-09
2.81111e-08         6.58235e-10
2.91111e-08         3.17812e-10
3.01111e-08         6.12303e-17
3.11111e-08         2.97381e-10
3.21111e-08         8.64361e-10
3.31111e-08         1.11767e-09
3.41111e-08         8.13681e-10
3.51111e-08         5.27005e-10
3.61111e-08         2.56205e-10
3.71111e-08         2.49302e-10
3.81111e-08         4.8552e-10
3.91111e-08         9.46213e-10
4.01111e-08         6.91967e-10
4.11111e-08         4.5009e-10
4.21111e-08         6.12303e-17
4.31111e-08         2.14605e-10
4.41111e-08         6.2922e-10
4.51111e-08         6.15271e-10
4.61111e-08         4.01285e-10
4.71111e-08         6.12303e-17
4.81111e-08         3.84604e-10
4.91111e-08         5.65159e-10
5.01111e-08         5.53881e-10
5.11111e-08         1.81015e-10
5.21111e-08         1.77541e-10
5.31111e-08         5.22595e-10
5.41111e-08         5.12937e-10
5.51111e-08         1.67876e-10
5.61111e-08         1.64885e-10
5.71111e-08         4.85993e-10
5.81111e-08         4.77629e-10
5.91111e-08         1.56516e-10
6.01111e-08         1.53913e-10
6.11111e-08         4.54182e-10
6.21111e-08         4.4687e-10
6.31111e-08         6.12303e-17
6.41111e-08         2.8862e-10
6.51111e-08         5.68374e-10
6.61111e-08         1.39944e-10
6.71111e-08         1.37859e-10
6.81111e-08         5.43339e-10
6.91111e-08         2.67739e-10
7.01111e-08         1.3196e-10
7.11111e-08         3.90313e-10
7.21111e-08         2.566e-10
7.31111e-08         6.12303e-17
7.41111e-08         3.74513e-10
7.51111e-08         2.46351e-10
7.61111e-08         6.12303e-17
7.71111e-08         3.59943e-10
7.81111e-08         2.3689e-10
7.91111e-08         1.16948e-10
8.01111e-08         4.61951e-10
8.11111e-08         1.14064e-10
8.21111e-08         1.12675e-10
8.31111e-08         4.45277e-10
8.41111e-08         1.09996e-10
8.51111e-08         2.17407e-10
8.61111e-08         2.14882e-10
8.71111e-08         1.06208e-10
8.81111e-08         4.20009e-10
8.91111e-08         1.03824e-10
9.01111e-08         2.05343e-10
9.11111e-08         2.0309e-10
9.21111e-08         1.00442e-10
9.31111e-08         3.97455e-10
9.41111e-08         6.12303e-17
9.51111e-08         2.91823e-10
9.61111e-08         1.92524e-10
9.71111e-08         1.90542e-10
9.81111e-08         2.82899e-10
9.91111e-08         9.33484e-11
1.00111e-07         2.77248e-10
1.01111e-07         6.12303e-17
1.02111e-07         3.62423e-10
1.03111e-07         6.12303e-17
1.04111e-07         2.66596e-10
1.05111e-07         8.80197e-11
1.06111e-07         2.61571e-10
1.07111e-07         8.63762e-11
1.08111e-07         2.56732e-10
1.09111e-07         1.69586e-10
1.10111e-07         1.68046e-10
1.11111e-07         1.66533e-10
1.21111e-07         6.12303e-17
1.31111e-07         1.4113e-10
1.41111e-07         6.55643e-11
1.51111e-07         1.83677e-10
1.61111e-07         2.29701e-10
1.71111e-07         5.40692e-11
1.81111e-07         5.10838e-11
1.91111e-07         9.68218e-11
2.01111e-07         4.60038e-11
2.11111e-07         1.31474e-10
2.21111e-07         4.18426e-11
2.31111e-07         8.00642e-11
2.41111e-07         3.83717e-11
2.51111e-07         6.12303e-17
2.61111e-07         1.41731e-10
2.71111e-07         1.36503e-10
2.81111e-07         6.12303e-17
2.91111e-07         3.17811e-11
3.01111e-07         3.07258e-11
3.11111e-07         6.12303e-17
3.21111e-07         5.76241e-11
3.31111e-07         2.79418e-11
3.41111e-07         6.12303e-17
3.51111e-07         7.90506e-11
3.61111e-07         7.68615e-11
3.71111e-07         2.49302e-11
3.81111e-07         2.42761e-11
3.91111e-07         9.46212e-11
4.01111e-07         4.61312e-11
4.11111e-07         6.75135e-11
4.21111e-07         6.59104e-11
4.31111e-07         8.58419e-11
4.41111e-07         2.0974e-11
4.51111e-07         4.10182e-11
4.61111e-07         4.01285e-11
4.71111e-07         3.92767e-11
4.81111e-07         3.84604e-11
4.91111e-07         1.88387e-11
5.01111e-07         7.38508e-11
5.11111e-07         3.6203e-11
5.21111e-07         7.10165e-11
5.31111e-07         1.74199e-11
5.41111e-07         5.12937e-11
5.51111e-07         1.67876e-11
5.61111e-07         6.12303e-17
5.71111e-07         6.47989e-11
5.81111e-07         4.7763e-11
5.91111e-07         3.13032e-11
6.01111e-07         4.61737e-11
6.11111e-07         6.12303e-17
6.21111e-07         2.97913e-11
6.31111e-07         1.46596e-11
6.41111e-07         5.7724e-11
6.51111e-07         4.2628e-11
6.61111e-07         2.79889e-11
6.71111e-07         2.75718e-11
6.81111e-07         4.07504e-11
6.91111e-07         5.35478e-11
7.01111e-07         1.31959e-11
7.11111e-07         2.60208e-11
7.21111e-07         6.12303e-17
7.31111e-07         3.79635e-11
7.41111e-07         2.49675e-11
7.51111e-07         3.69528e-11
7.61111e-07         4.86228e-11
7.71111e-07         6.12303e-17
7.81111e-07         1.18444e-11
7.91111e-07         2.33896e-11
8.01111e-07         1.15488e-11
8.11111e-07         4.56257e-11
8.21111e-07         2.2535e-11
8.31111e-07         3.33958e-11
8.41111e-07         1.09996e-11
8.51111e-07         1.08704e-11
8.61111e-07         2.14881e-11
8.71111e-07         2.12415e-11
8.81111e-07         2.10005e-11
8.91111e-07         1.03824e-11
9.01111e-07         4.10686e-11
9.11111e-07         2.0309e-11
9.21111e-07         4.01769e-11
9.31111e-07         1.98728e-11
9.41111e-07         2.94924e-11
9.51111e-07         6.12303e-17
9.61111e-07         9.62627e-12
9.71111e-07         2.85812e-11
9.81111e-07         3.772e-11
9.91111e-07         6.12303e-17
1.00111e-06         1.84831e-11
1.01111e-06         9.15025e-12
1.02111e-06         9.06052e-12
1.03111e-06         8.97277e-12
1.04111e-06         1.7773e-11
1.05111e-06         8.80192e-12
1.06111e-06         2.61571e-11
1.07111e-06         3.45506e-11
1.08111e-06         8.55767e-12
1.09111e-06         8.47924e-12
1.10111e-06         8.40235e-12
1.11111e-06         6.12303e-17
1.21111e-06         7.63909e-12
1.31111e-06         7.05644e-12
1.41111e-06         6.55637e-12
1.51111e-06         6.12249e-12
1.61111e-06         6.12303e-17
1.71111e-06         6.12303e-17
1.81111e-06         5.10845e-12
1.91111e-06         1.45233e-11
2.01111e-06         1.84015e-11
2.11111e-06         8.76486e-12
2.21111e-06         4.18432e-12
2.31111e-06         1.20097e-11
2.41111e-06         7.67429e-12
2.51111e-06         3.68443e-12
2.61111e-06         1.4173e-11
2.71111e-06         6.12303e-17
2.81111e-06         1.31646e-11
2.91111e-06         6.12303e-17
3.01111e-06         9.21766e-12
3.11111e-06         5.94768e-12
3.21111e-06         2.88114e-12
3.31111e-06         1.11768e-11
3.41111e-06         5.4246e-12
3.51111e-06         6.12303e-17
3.61111e-06         5.12405e-12
3.71111e-06         7.47899e-12
3.81111e-06         7.28287e-12
3.91111e-06         4.73113e-12
4.01111e-06         4.61318e-12
4.11111e-06         4.50097e-12
4.21111e-06         4.39408e-12
4.31111e-06         4.29216e-12
4.41111e-06         4.19486e-12
4.51111e-06         6.15278e-12
4.61111e-06         8.02565e-12
4.71111e-06         3.92761e-12
4.81111e-06         6.12303e-17
4.91111e-06         3.76779e-12
5.01111e-06         7.38514e-12
5.11111e-06         3.62023e-12
5.21111e-06         1.77547e-12
5.31111e-06         6.96787e-12
5.41111e-06         6.12303e-17
5.51111e-06         6.715e-12
5.61111e-06         6.12303e-17
5.71111e-06         6.47984e-12
5.81111e-06         6.12303e-17
5.91111e-06         4.69543e-12
6.01111e-06         3.07831e-12
6.11111e-06         6.12303e-17
6.21111e-06         2.97907e-12
6.31111e-06         5.86392e-12
6.41111e-06         2.88626e-12
6.51111e-06         1.421e-12
6.61111e-06         6.12303e-17
6.71111e-06         1.37853e-12
6.81111e-06         2.71663e-12
6.91111e-06         2.67733e-12
7.01111e-06         2.63914e-12
7.11111e-06         2.60202e-12
7.21111e-06         1.28294e-12
7.31111e-06         6.12303e-17
7.41111e-06         1.24844e-12
7.51111e-06         3.69533e-12
7.61111e-06         4.86223e-12
7.71111e-06         2.39956e-12
7.81111e-06         1.18451e-12
7.91111e-06         3.50849e-12
8.01111e-06         2.3097e-12
8.11111e-06         2.28134e-12
8.21111e-06         3.38018e-12
8.31111e-06         1.11325e-12
8.41111e-06         3.29981e-12
8.51111e-06         1.08709e-12
8.61111e-06         2.14876e-12
8.71111e-06         3.18629e-12
8.81111e-06         6.12303e-17
8.91111e-06         2.07642e-12
9.01111e-06         3.08021e-12
9.11111e-06         1.01551e-12
9.21111e-06         6.12303e-17
9.31111e-06         9.93575e-13
9.41111e-06         2.94917e-12
9.51111e-06         2.91817e-12
9.61111e-06         3.85042e-12
9.71111e-06         3.8109e-12
9.81111e-06         3.77205e-12
9.91111e-06         2.80039e-12
1.00111e-05         2.77242e-12
1.01111e-05         1.82998e-12
1.02111e-05         6.12303e-17
1.03111e-05         8.97332e-13
1.04111e-05         2.66602e-12
1.05111e-05         2.64053e-12
1.06111e-05         8.71842e-13
1.07111e-05         1.72759e-12
1.08111e-05         2.56726e-12
1.09111e-05         6.12303e-17
1.10111e-05         3.36086e-12
1.11111e-05         6.12303e-17
1.21111e-05         1.52777e-12
1.31111e-05         7.05711e-13
1.41111e-05         6.55705e-13
1.51111e-05         1.22445e-12
1.61111e-05         6.12303e-17
1.71111e-05         1.08132e-12
1.81111e-05         5.109e-13
1.91111e-05         4.8417e-13
2.01111e-05         9.20013e-13
2.11111e-05         4.38185e-13
2.21111e-05         8.3679e-13
2.31111e-05         4.00382e-13
2.41111e-05         3.83779e-13
2.51111e-05         1.10525e-12
2.61111e-05         3.54265e-13
2.71111e-05         1.02371e-12
2.81111e-05         6.12303e-17
2.91111e-05         6.12303e-17
3.01111e-05         9.21711e-13
3.11111e-05         2.9732e-13
3.21111e-05         8.64299e-13
3.31111e-05         6.12303e-17
3.41111e-05         6.12303e-17
3.51111e-05         7.90446e-13
3.61111e-05         5.12349e-13
3.71111e-05         9.97145e-13
3.81111e-05         2.42699e-13
3.91111e-05         2.36492e-13
4.01111e-05         9.22684e-13
4.11111e-05         6.75074e-13
4.21111e-05         8.78866e-13
4.31111e-05         2.14544e-13
4.41111e-05         2.09679e-13
4.51111e-05         6.15333e-13
4.61111e-05         6.01867e-13
4.71111e-05         5.89213e-13
4.81111e-05         3.84543e-13
4.91111e-05         3.76711e-13
5.01111e-05         5.53942e-13
5.11111e-05         7.2412e-13
5.21111e-05         3.55143e-13
5.31111e-05         5.22533e-13
5.41111e-05         5.12875e-13
5.51111e-05         3.35814e-13
5.61111e-05         4.94715e-13
5.71111e-05         1.62059e-13
5.81111e-05         6.369e-13
5.91111e-05         6.26004e-13
6.01111e-05         1.53974e-13
6.11111e-05         3.02849e-13
6.21111e-05         1.49018e-13
6.31111e-05         5.86324e-13
6.41111e-05         4.3299e-13
6.51111e-05         6.12303e-17
6.61111e-05         1.40005e-13
6.71111e-05         6.12303e-17
6.81111e-05         4.07566e-13
6.91111e-05         2.678e-13
7.01111e-05         1.31899e-13
7.11111e-05         6.12303e-17
7.21111e-05         2.56539e-13
7.31111e-05         1.26606e-13
7.41111e-05         1.24899e-13
7.51111e-05         2.4629e-13
7.61111e-05         1.21496e-13
7.71111e-05         3.59881e-13
7.81111e-05         6.12303e-17
7.91111e-05         6.12303e-17
8.01111e-05         3.46402e-13
8.11111e-05         2.28067e-13
8.21111e-05         4.50638e-13
8.31111e-05         1.11258e-13
8.41111e-05         1.09934e-13
8.51111e-05         3.26171e-13
8.61111e-05         3.22262e-13
8.71111e-05         3.18684e-13
8.81111e-05         2.09943e-13
8.91111e-05         3.1141e-13
9.01111e-05         2.05405e-13
9.11111e-05         3.04696e-13
9.21111e-05         1.00504e-13
9.31111e-05         3.97516e-13
9.41111e-05         3.9317e-13
9.51111e-05         6.12303e-17
9.61111e-05         1.92585e-13
9.71111e-05         6.12303e-17
9.81111e-05         2.82961e-13
9.91111e-05         1.86758e-13
0.000100111         9.23547e-14
0.000101111         6.12303e-17
0.000102111         1.8115e-13
0.000103111         8.97883e-14
0.000104111         8.89265e-14
0.000105111         2.63998e-13
0.000106111         1.74319e-13
0.000107111         2.59068e-13
0.000108111         8.55161e-14
0.000109111         8.47318e-14
0.000110111         2.5213e-13
0.000111111         2.49739e-13
0.000121111         7.64527e-14
0.000131111         2.11634e-13
0.000141111         6.12303e-17
0.000151111         1.83738e-13
0.000161111         1.72215e-13
0.000171111         5.40081e-14
0.000181111         5.11451e-14
0.000191111         9.6883e-14
0.000201111         9.20687e-14
0.000211111         8.77104e-14
0.000221111         4.19038e-14
0.000231111         3.99708e-14
0.000241111         1.15054e-13
0.000251111         7.37486e-14
0.000261111         7.08041e-14
0.000271111         6.83126e-14
0.000281111         9.8674e-14
0.000291111         3.172e-14
0.000301111         3.06645e-14
0.000311111         2.96769e-14
0.000321111         5.75628e-14
0.000331111         1.11706e-13
0.000341111         2.71839e-14
0.000351111         7.89895e-14
0.000361111         6.12303e-17
0.000371111         2.49914e-14
0.000381111         2.43372e-14
0.000391111         2.35941e-14
0.000401111         6.91355e-14
0.000411111         2.25658e-14
0.000421111         6.59716e-14
0.000431111         8.57808e-14
0.000441111         6.29832e-14
0.000451111         6.12303e-17
0.000461111         8.03183e-14
0.000471111         5.88539e-14
0.000481111         5.76293e-14
0.000491111         5.65771e-14
0.000501111         1.84015e-14
0.000511111         1.81627e-14
0.000521111         6.12303e-17
0.000531111         3.47784e-14
0.000541111         1.71591e-14
0.000551111         1.68489e-14
0.000561111         1.64272e-14
0.000571111         4.86605e-14
0.000581111         6.37452e-14
0.000591111         3.13645e-14
0.000601111         4.61126e-14
0.000611111         3.02176e-14
0.000621111         4.47482e-14
0.000631111         2.9258e-14
0.000641111         4.32317e-14
0.000651111         1.42706e-14
0.000661111         1.40556e-14
0.000671111         1.37247e-14
0.000681111         6.12303e-17
0.000691111         2.67126e-14
0.000701111         6.12303e-17
0.000711111         1.29492e-14
0.000721111         1.28912e-14
0.000731111         6.12303e-17
0.000741111         2.50288e-14
0.000751111         6.12303e-17
0.000761111         1.2217e-14
0.000771111         1.19369e-14
0.000781111         1.17833e-14
0.000791111         3.51455e-14
0.000801111         2.31588e-14
0.000811111         4.56868e-14
0.000821111         1.13287e-14
0.000831111         1.11931e-14
0.000841111         4.3937e-14
0.000851111         1.09316e-14
0.000861111         1.08053e-14
0.000871111         3.19235e-14
0.000881111         6.12303e-17
0.000891111         2.07035e-14
0.000901111         2.04731e-14
0.000911111         1.02157e-14
0.000921111         3.00715e-14
0.000931111         1.9934e-14
0.000941111         9.89201e-15
0.000951111         1.95161e-14
0.000961111         2.89399e-14
0.000971111         1.89929e-14
0.000981111         9.49121e-15
0.000991111         1.86084e-14
0.00100111         2.7786e-14
0.00101111         6.12303e-17
0.00102111         1.80599e-14
0.00103111         3.58296e-14
0.00104111         1.78343e-14
0.00105111         8.74075e-15
0.00106111         2.60959e-14
0.00107111         1.73365e-14
0.00108111         8.4965e-15
0.00109111         2.54991e-14
0.00110111         1.67434e-14
0.00111111         6.12303e-17
0.00121111         7.57792e-15
0.00131111         1.40518e-14
0.00141111         6.4952e-15
0.00151111         1.21839e-14
0.00161111         5.80376e-15
0.00171111         5.3457e-15
0.00181111         6.12303e-17
0.00191111         9.62095e-15
0.00201111         9.13951e-15
0.00211111         1.74686e-14
0.00221111         4.12303e-15
0.00231111         4.06444e-15
0.00241111         1.15728e-14
0.00251111         3.7456e-15
0.00261111         6.12303e-17
0.00271111         6.12303e-17
0.00281111         6.12303e-17
0.00291111         6.41747e-15
0.00301111         1.22291e-14
0.00311111         3.03504e-15
0.00321111         6.12303e-17
0.00331111         8.44379e-15
0.00341111         5.48577e-15
0.00351111         5.33128e-15
0.00361111         6.12303e-17
0.00371111         7.54028e-15
0.00381111         4.91643e-15
0.00391111         2.42676e-15
0.00401111         4.67435e-15
0.00411111         6.81259e-15
0.00421111         4.45525e-15
0.00431111         6.12303e-17
0.00441111         2.03617e-15
0.00451111         4.16304e-15
0.00461111         3.95162e-15
0.00471111         3.98891e-15
0.00481111         3.78481e-15
0.00491111         5.59036e-15
0.00501111         1.9075e-15
0.00511111         1.74892e-15
0.00521111         1.71418e-15
0.00531111         6.12303e-17
0.00541111         5.06814e-15
0.00551111         6.12303e-17
0.00561111         1.58762e-15
0.00571111         6.12303e-17
0.00581111         4.83752e-15
0.00591111         4.75672e-15
0.00601111         1.60036e-15
0.00611111         4.48059e-15
0.00621111         4.52993e-15
0.00631111         5.92508e-15
0.00641111         2.94743e-15
0.00651111         6.12303e-17
0.00661111         4.25955e-15
0.00671111         8.2103e-15
0.00681111         5.37216e-15
0.00691111         4.07731e-15
0.00701111         2.70043e-15
0.00711111         2.54085e-15
0.00721111         2.50477e-15
0.00731111         2.59213e-15
0.00741111         3.80636e-15
0.00751111         4.86579e-15
0.00761111         2.49238e-15
0.00771111         4.738e-15
0.00781111         2.43013e-15
0.00791111         4.73914e-15
0.00801111         1.09365e-15
0.00811111         2.22005e-15
0.00821111         1.18798e-15
0.00831111         1.05196e-15
0.00841111         2.26114e-15
0.00851111         4.40936e-15
0.00861111         3.28446e-15
0.00871111         3.125e-15
0.00881111         1.11125e-15
0.00891111         1.09947e-15
0.00901111         6.12303e-17
0.00911111         3.10757e-15
0.00921111         6.12303e-17
0.00931111         9.32406e-16
0.00941111         1.04431e-15
0.00951111         1.03397e-15
0.00961111         3.78925e-15
0.00971111         6.12303e-17
0.00981111         3.71076e-15
0.00991111         2.86168e-15
0.0100111         1.78709e-15
0.0101111         3.72131e-15
0.0102111         6.12303e-17
0.0103111         2.63058e-15
0.0104111         1.83854e-15
0.0105111         2.70182e-15
0.0106111         3.54884e-15
0.0107111         2.65252e-15
0.0108111         9.17003e-16
0.0109111         2.48256e-15
0.0110111         3.42215e-15
0.0111111         8.93898e-16
0.0121111         1.58906e-15
0.0131111         2.76137e-15
0.0141111         2.6838e-15
0.0151111         1.77554e-15
0.0161111         1.20974e-15
0.0171111         6.01923e-16
0.0181111         2.10459e-15
0.0191111         1.87521e-15
0.0201111         8.58844e-16
0.0211111         1.25351e-15
0.0221111         1.19405e-15
0.0231111         6.12303e-17
0.0241111         8.28666e-16
0.0251111         6.75643e-16
0.0261111         7.69883e-16
0.0271111         2.80027e-16
0.0281111         7.19465e-16
0.0291111         1.33248e-15
0.0301111         1.1678e-15
0.0311111         8.30913e-16
0.0321111         6.12303e-17
0.0331111         2.18188e-16
0.0341111         7.52451e-16
0.0351111         5.88235e-16
0.0361111         4.5118e-16
0.0371111         1.88071e-16
0.0381111         6.12303e-17
0.0391111         6.48429e-16
0.0401111         5.22542e-16
0.0411111         2.86276e-16
0.0421111         6.12303e-17
0.0431111         6.12303e-17
0.0441111         1.4851e-16
0.0451111         1.4386e-16
0.0461111         1.39412e-16
0.0471111         5.27921e-16
0.0481111         1.28488e-15
0.0491111         3.15542e-16
0.0501111         1.23397e-16
0.0511111         6.04274e-16
0.0521111         4.16312e-16
0.0531111         2.87166e-16
0.0541111         1.09749e-16
0.0551111         4.42399e-16
0.0561111         2.26115e-16
0.0571111         2.23228e-16
0.0581111         4.16399e-16
0.0591111         5.64835e-16
0.0601111         2.46595e-16
0.0611111         2.41558e-16
0.0621111         6.57057e-16
0.0631111         6.12303e-17
0.0641111         2.27389e-16
0.0651111         2.03324e-16
0.0661111         6.12303e-17
0.0671111         3.36948e-16
0.0681111         7.46045e-17
0.0691111         4.62838e-16
0.0701111         3.3465e-16
0.0711111         1.91335e-16
0.0721111         1.9537e-16
0.0731111         1.9186e-16
0.0741111         3.10906e-16
0.0751111         6.19453e-17
0.0761111         6.03269e-17
0.0771111         4.18693e-16
0.0781111         2.9812e-16
0.0791111         6.12303e-17
0.0801111         6.31697e-16
0.0811111         1.66898e-16
0.0821111         2.8658e-16
0.0831111         5.06507e-16
0.0841111         3.78752e-16
0.0851111         6.12303e-17
0.0861111         2.61092e-16
0.0871111         2.73645e-16
0.0881111         3.58778e-16
0.0891111         5.8035e-16
0.0901111         1.63902e-16
0.0911111         4.03145e-17
0.0921111         1.39654e-16
0.0931111         1.37497e-16
0.0941111         2.57846e-16
0.0951111         2.30592e-16
0.0961111         1.57492e-16
0.0971111         3.47043e-16
0.0981111         3.15969e-16
0.0991111         5.92208e-16
0.100111         7.70513e-16
0.101111         6.12303e-17
0.102111         1.51836e-16
0.103111         2.97678e-16
0.104111         3.27826e-16
0.105111         2.02829e-16
0.106111         3.22801e-16
0.107111         1.47607e-16
0.108111         3.17962e-16
0.109111         1.08356e-16
0.110111         6.12303e-17
0.111111         7.71437e-16
0.121111         6.12303e-17
0.131111         6.12303e-17
0.141111         6.98984e-17
0.151111         4.78324e-21
0.161111         1.76081e-16
0.171111         7.16101e-18
0.181111         4.09374e-17
0.191111         2.54874e-16
0.201111         1.99241e-16
0.211111         1.92704e-16
0.221111         2.31668e-16
0.231111         6.12303e-17
0.241111         2.14717e-16
0.251111         1.96675e-16
0.261111         2.57977e-17
0.271111         6.12303e-17
0.281111         1.92877e-16
0.291111         3.41133e-17
0.301111         1.23124e-16
0.311111         2.36151e-16
0.321111         2.0529e-16
0.331111         7.8479e-17
0.341111         4.72605e-17
0.351111         1.75922e-16
0.361111         1.18113e-16
0.371111         1.35602e-17
0.381111         1.57254e-16
0.391111         1.55852e-16
0.401111         7.96641e-18
0.411111         6.28324e-18
0.421111         1.49111e-16
0.431111         6.12303e-17
0.441111         1.87074e-16
0.451111         6.12303e-17
0.461111         1.99605e-16
0.471111         1.73232e-17
0.481111         8.04605e-17
0.491111         6.12303e-17
0.501111         1.78785e-16
0.511111         7.93318e-17
0.521111         2.03263e-16
0.531111         7.86501e-17
0.541111         8.41018e-17
0.551111         6.4677e-17
0.561111         1.84894e-16
0.571111         9.26673e-17
0.581111         1.93505e-16
0.591111         3.77529e-17
0.601111         1.45882e-16
0.611111         1.44667e-17
0.621111         1.47309e-16
0.631111         4.87169e-17
0.641111         9.00923e-17
0.651111         1.6921e-17
0.661111         1.45187e-16
0.671111         1.29797e-17
0.681111         1.83482e-16
0.691111         4.78434e-17
0.701111         1.56504e-16
0.711111         2.65901e-17
0.721111         1.95945e-16
0.731111         1.85213e-17
0.741111         8.07725e-17
0.751111         6.65644e-17
0.761111         1.486e-16
0.771111         4.82522e-17
0.781111         1.08479e-16
0.791111         2.8125e-17
0.801111         1.52899e-16
0.811111         2.9308e-17
0.821111         1.20458e-16
0.831111         1.11367e-17
0.841111         2.04225e-16
0.851111         4.7473e-17
0.861111         1.10675e-16
0.871111         1.57702e-17
0.881111         1.87233e-16
0.891111         9.31839e-18
0.901111         1.69781e-16
0.911111         1.55352e-17
0.921111         7.12746e-17
0.931111         1.15485e-17
0.941111         1.55047e-16
0.951111         4.09076e-17
0.961111         1.47866e-16
0.971111         3.40405e-17
0.981111         9.43644e-17
0.991111         2.3891e-17
1.00111         1.58267e-16
