2e-16         0.0148092
3e-16         0.0148092
4e-16         0.0148092
5e-16         0.0148092
6e-16         0.0148092
7e-16         0.0644924
8e-16         0.0148092
9e-16         0.0468699
1e-15         0.0148092
1.1e-15         0.0356555
1.2e-15         0.0314501
1.3e-15         0.0278917
1.4e-15         0.0248416
1.5e-15         0.0518166
1.6e-15         0.0148092
1.7e-15         0.0148092
1.8e-15         0.0148092
1.9e-15         0.0148092
2e-15         0.0148092
2.1e-15         0.0116247
2.2e-15         0.0148092
2.3e-15         0.00932608
2.4e-15         0.0148092
2.5e-15         0.00739525
2.6e-15         0.00654124
2.7e-15         0.00575048
2.8e-15         0.0050162
2.9e-15         0.00433257
3e-15         0.0148092
3.1e-15         0.00309762
3.2e-15         0.00253803
3.3e-15         0.00201235
3.4e-15         0.0015176
3.5e-15         0.00105112
3.6e-15         0.0160303
3.7e-15         0.000193807
3.8e-15         0.0144072
3.9e-15         0.000575578
4e-15         0.0129464
4.1e-15         0.0122694
4.2e-15         0.0148092
4.3e-15         0.00189964
4.4e-15         0.0148092
4.5e-15         0.0024734
4.6e-15         0.00274156
4.7e-15         0.00299832
4.8e-15         0.00324438
4.9e-15         0.0034804
5e-15         0.00370698
5.1e-15         0.00392467
5.2e-15         0.00654124
5.3e-15         0.0043354
5.4e-15         0.00575048
5.5e-15         0.00471627
5.6e-15         0.0050162
5.7e-15         0.00507041
5.8e-15         0.00433257
5.9e-15         0.00540054
6e-15         0.00369451
6.1e-15         0.00339117
6.2e-15         0.00309762
6.3e-15         0.00281338
6.4e-15         0.00253803
6.5e-15         0.00227115
6.6e-15         0.00201235
6.7e-15         0.0100465
6.8e-15         0.0066458
6.9e-15         0.00128098
7e-15         0.00687904
7.1e-15         0.00699073
7.2e-15         0.000610558
7.3e-15         0.00720494
7.4e-15         0.000193807
7.5e-15         0.00740772
7.6e-15         0.000201009
7.7e-15         0.000390726
7.8e-15         0.000575578
7.9e-15         0.00075575
8e-15         0.000931419
8.1e-15         0.00575048
8.2e-15         0.0012699
8.3e-15         0.00143303
8.4e-15         0.00159227
8.5e-15         0.00174776
8.6e-15         0.00189964
8.7e-15         0.00433257
8.8e-15         0.00219304
8.9e-15         0.00390242
9e-15         0.0024734
9.1e-15         0.00349117
9.2e-15         0.00329226
9.3e-15         0.00309762
9.4e-15         0.00290712
9.5e-15         0.00272063
9.6e-15         0.00832044
9.7e-15         0.00336361
9.8e-15         0.0034804
9.9e-15         0.00359483
1e-14         0.00370698
1.01e-14         0.00167925
1.02e-14         0.00392467
1.12e-14         5.98519e-05
1.22e-14         0.00339117
1.32e-14         0.00201235
1.42e-14         0.000827738
1.52e-14         0.00345104
1.62e-14         0.00110275
1.72e-14         0.00132776
1.82e-14         0.00260895
1.92e-14         0.00253803
2.02e-14         0.00167925
2.12e-14         0.000901497
2.22e-14         0.000193807
2.32e-14         0.00193985
2.42e-14         0.00104611
2.52e-14         0.000610558
2.62e-14         2.20172e-05
2.72e-14         0.0015176
2.82e-14         0.000938638
2.92e-14         0.00150174
3.02e-14         0.000104266
3.12e-14         0.000575578
3.22e-14         0.00101762
3.32e-14         0.00143303
3.42e-14         0.00142212
3.52e-14         0.000616014
3.62e-14         0.000525366
3.72e-14         0.00137909
3.82e-14         0.000277491
3.92e-14         0.000648198
4.02e-14         0.00100046
4.12e-14         1.1732e-05
4.22e-14         0.000975955
4.32e-14         0.000674423
4.42e-14         0.000261694
4.52e-14         7.17327e-05
4.62e-14         0.000390726
4.72e-14         0.000696202
4.82e-14         0.000162681
4.92e-14         0.000141626
5.02e-14         0.000671991
5.12e-14         0.000714578
5.22e-14         7.88418e-05
5.32e-14         0.000201009
5.42e-14         0.000470533
5.52e-14         0.000730291
5.62e-14         0.00099468
5.72e-14         0.000252086
5.82e-14         0.000451591
5.92e-14         0.000743881
6.02e-14         5.54121e-05
6.12e-14         0.000296487
6.22e-14         0.000529811
6.32e-14         0.000122591
6.42e-14         0.000754668
6.52e-14         0.00033544
6.62e-14         0.00028446
6.72e-14         5.98519e-05
6.82e-14         0.000158169
6.92e-14         0.00036989
7.02e-14         0.00100594
7.12e-14         4.16256e-06
7.22e-14         0.000567844
7.32e-14         0.000400574
7.42e-14         0.000153368
7.52e-14         4.56024e-05
7.62e-14         0.00023935
7.72e-14         0.000290977
7.82e-14         0.000807741
7.92e-14         9.03406e-05
8.02e-14         0.000418291
8.12e-14         0.000452874
8.22e-14         4.77927e-05
8.32e-14         0.000130777
8.42e-14         0.000305105
8.52e-14         0.000176198
8.62e-14         0.000646335
8.72e-14         0.000167504
8.82e-14         0.000295869
8.92e-14         0.000126529
9.02e-14         3.90553e-05
9.12e-14         0.000201009
9.22e-14         0.000844697
9.32e-14         8.11238e-05
9.42e-14         0.000512343
9.52e-14         0.000231698
9.62e-14         0.000193807
9.72e-14         3.94554e-05
9.82e-14         0.000111753
9.92e-14         0.000259913
1.002e-13         0.000148888
1.012e-13         0.000547448
1.022e-13         0.000143834
1.032e-13         0.000251959
1.042e-13         0.000107418
1.052e-13         3.43753e-05
1.062e-13         0.000173498
1.072e-13         0.000310025
1.082e-13         6.90134e-05
1.092e-13         0.000575578
1.102e-13         0.000201009
1.202e-13         3.08634e-05
1.302e-13         0.000113146
1.402e-13         0.000236612
1.502e-13         2.59438e-05
1.602e-13         9.07905e-05
1.702e-13         0.000132345
1.802e-13         2.26623e-05
1.902e-13         0.00021637
2.002e-13         0.000113447
2.102e-13         2.03174e-05
2.202e-13         6.43536e-05
2.302e-13         9.94748e-05
2.402e-13         1.85583e-05
2.502e-13         0.000165977
2.602e-13         0.000124616
2.702e-13         1.71898e-05
2.802e-13         0.000148874
2.902e-13         0.000111089
3.002e-13         1.60949e-05
3.102e-13         0.000135079
3.202e-13         0.000100097
3.302e-13         1.51988e-05
3.402e-13         3.94554e-05
3.502e-13         9.09883e-05
3.602e-13         1.44521e-05
3.702e-13         0.000185702
3.802e-13         6.26881e-05
3.902e-13         1.38202e-05
4.002e-13         3.26056e-05
4.102e-13         7.67678e-05
4.202e-13         1.32785e-05
4.302e-13         2.98972e-05
4.402e-13         7.11112e-05
4.502e-13         1.2809e-05
4.602e-13         9.3082e-05
4.702e-13         5.18821e-05
4.802e-13         1.23981e-05
4.902e-13         2.54749e-05
5.002e-13         4.91442e-05
5.102e-13         1.20356e-05
5.202e-13         8.30648e-05
5.302e-13         5.79823e-05
5.402e-13         1.17133e-05
5.502e-13         7.88755e-05
5.602e-13         5.45434e-05
5.702e-13         1.1425e-05
5.802e-13         7.51194e-05
5.902e-13         5.14542e-05
6.002e-13         1.11655e-05
6.102e-13         1.92394e-05
6.202e-13         4.86638e-05
6.302e-13         1.09306e-05
6.402e-13         0.000104755
6.502e-13         4.61309e-05
6.602e-13         1.07172e-05
6.702e-13         1.6959e-05
6.802e-13         4.38214e-05
6.902e-13         1.05223e-05
7.002e-13         1.59653e-05
7.102e-13         4.1707e-05
7.202e-13         6.67338e-05
7.302e-13         6.09685e-05
7.402e-13         3.52308e-05
7.502e-13         1.01792e-05
7.602e-13         1.42133e-05
7.702e-13         3.41013e-05
7.802e-13         1.00274e-05
7.902e-13         1.34371e-05
8.002e-13         3.30565e-05
8.102e-13         9.88694e-06
8.202e-13         5.49624e-05
8.302e-13         3.47776e-05
8.402e-13         9.75646e-06
8.502e-13         5.32429e-05
8.602e-13         3.33474e-05
8.702e-13         9.63498e-06
8.802e-13         5.16407e-05
8.902e-13         3.20135e-05
9.002e-13         9.5216e-06
9.102e-13         7.18317e-05
9.202e-13         3.07666e-05
9.302e-13         9.41553e-06
9.402e-13         1.02989e-05
9.502e-13         2.95985e-05
9.602e-13         9.31609e-06
9.702e-13         9.78775e-06
9.802e-13         2.85018e-05
9.902e-13         4.68379e-05
1.0002e-12         4.61928e-05
1.0102e-12         2.74804e-05
1.0202e-12         9.13476e-06
1.0302e-12         8.8547e-06
1.0402e-12         2.68676e-05
1.0502e-12         9.05186e-06
1.0602e-12         8.42777e-06
1.0702e-12         2.62891e-05
1.0802e-12         8.97357e-06
1.0902e-12         4.2894e-05
1.1002e-12         2.47133e-05
1.1102e-12         8.8995e-06
1.2102e-12         6.61065e-06
1.3102e-12         2.26153e-05
1.4102e-12         8.3322e-06
1.5102e-12         4.05931e-06
1.6102e-12         1.9563e-05
1.7102e-12         7.96392e-06
1.8102e-12         2.35363e-06
1.9102e-12         1.15909e-05
2.0102e-12         7.70557e-06
2.1102e-12         1.13293e-06
2.2102e-12         9.17163e-06
2.3102e-12         7.51431e-06
2.4102e-12         2.1611e-07
2.5102e-12         7.33061e-06
2.6102e-12         7.36702e-06
2.7102e-12         4.97737e-07
2.8102e-12         5.88267e-06
2.9102e-12         1.18246e-05
3.0102e-12         1.0693e-06
3.1102e-12         4.71405e-06
3.2102e-12         1.01371e-05
3.3102e-12         1.8307e-05
3.4102e-12         3.75104e-06
3.5102e-12         7.07621e-06
3.6102e-12         1.73036e-05
3.7102e-12         2.94377e-06
3.8102e-12         7.0098e-06
3.9102e-12         1.19387e-05
4.0102e-12         2.25728e-06
4.1102e-12         6.95309e-06
4.2102e-12         1.06439e-05
4.3102e-12         1.66635e-06
4.4102e-12         6.90409e-06
4.5102e-12         9.52135e-06
4.6102e-12         1.15233e-06
4.7102e-12         6.86133e-06
4.8102e-12         8.5388e-06
4.9102e-12         1.06042e-05
5.0102e-12         6.8237e-06
5.1102e-12         3.19119e-06
5.2102e-12         3.01868e-07
5.3102e-12         6.79031e-06
5.4102e-12         6.90061e-06
5.5102e-12         5.39073e-08
5.6102e-12         6.7605e-06
5.7102e-12         6.21061e-06
5.8102e-12         3.72943e-07
5.9102e-12         1.20512e-05
6.0102e-12         3.64666e-06
6.1102e-12         6.60651e-07
6.2102e-12         2.22919e-06
6.3102e-12         3.76961e-06
6.4102e-12         9.21429e-07
6.5102e-12         1.83925e-06
6.6102e-12         3.8814e-06
6.7102e-12         1.15889e-06
6.8102e-12         1.48367e-06
6.9102e-12         3.98348e-06
7.0102e-12         1.37603e-06
7.1102e-12         1.15809e-06
7.2102e-12         3.62191e-06
7.3102e-12         1.57534e-06
7.4102e-12         8.58869e-07
7.5102e-12         3.22825e-06
7.6102e-12         1.75894e-06
7.7102e-12         5.82936e-07
7.8102e-12         2.86484e-06
7.9102e-12         5.08905e-06
8.0102e-12         3.27672e-07
8.1102e-12         2.52832e-06
8.2102e-12         4.67535e-06
8.3102e-12         6.58904e-06
8.4102e-12         2.2158e-06
8.5102e-12         2.23207e-06
8.6102e-12         6.57663e-06
8.7102e-12         1.92481e-06
8.8102e-12         2.3683e-06
8.9102e-12         3.34985e-07
9.0102e-12         1.6532e-06
9.1102e-12         2.49556e-06
9.2102e-12         5.50005e-06
9.3102e-12         1.39909e-06
9.4102e-12         2.6147e-06
9.5102e-12         5.12993e-06
9.6102e-12         1.16085e-06
9.7102e-12         2.72649e-06
9.8102e-12         4.78246e-06
9.9102e-12         4.66439e-06
1.00102e-11         2.83157e-06
1.01102e-11         1.03501e-06
1.02102e-11         7.26363e-07
1.03102e-11         2.93053e-06
1.04102e-11         1.1848e-06
1.05102e-11         5.27724e-07
1.06102e-11         3.0239e-06
1.07102e-11         3.85682e-06
1.08102e-11         3.40109e-07
1.09102e-11         1.97587e-06
1.10102e-11         1.45989e-06
1.11102e-11         1.62626e-07
1.21102e-11         1.16247e-06
1.31102e-11         2.00978e-06
1.41102e-11         1.19712e-06
1.51102e-11         3.05794e-07
1.61102e-11         4.74875e-07
1.71102e-11         1.16429e-06
1.81102e-11         1.77757e-06
1.91102e-11         5.78122e-07
2.01102e-11         6.08108e-08
2.11102e-11         6.3921e-07
2.21102e-11         1.16529e-06
2.31102e-11         1.64584e-06
2.41102e-11         2.15863e-07
2.51102e-11         2.81417e-07
2.61102e-11         7.40606e-07
2.71102e-11         1.16592e-06
2.81102e-11         1.56097e-06
2.91102e-11         2.19519e-08
3.01102e-11         4.28757e-07
3.11102e-11         8.0941e-07
3.21102e-11         1.16635e-06
3.31102e-11         1.50174e-06
3.41102e-11         1.90047e-07
3.51102e-11         5.34132e-07
3.61102e-11         8.59159e-07
3.71102e-11         1.16667e-06
3.81102e-11         1.45804e-06
3.91102e-11         3.15162e-07
4.01102e-11         6.13235e-07
4.11102e-11         8.96807e-07
4.21102e-11         1.16691e-06
4.31102e-11         1.42448e-06
4.41102e-11         8.46552e-07
4.51102e-11         6.74803e-07
4.61102e-11         2.77589e-07
4.71102e-11         1.1671e-06
4.81102e-11         9.09765e-07
4.91102e-11         6.41375e-07
5.01102e-11         3.83697e-07
5.11102e-11         1.22221e-06
5.21102e-11         1.01991e-07
5.31102e-11         7.1409e-07
5.41102e-11         4.74116e-07
5.51102e-11         2.42851e-07
5.61102e-11         1.00915e-06
5.71102e-11         1.95381e-07
5.81102e-11         5.52088e-07
5.91102e-11         3.35154e-07
6.01102e-11         1.25437e-07
6.11102e-11         8.30963e-07
6.21102e-11         2.73736e-07
6.31102e-11         4.15756e-07
6.41102e-11         2.17867e-07
6.51102e-11         2.60566e-08
6.61102e-11         6.79725e-07
6.71102e-11         3.40415e-07
6.81102e-11         2.9944e-07
6.91102e-11         1.17551e-07
7.01102e-11         5.91493e-08
7.11102e-11         5.49756e-07
7.21102e-11         3.97847e-07
7.31102e-11         1.99034e-07
7.41102e-11         3.0771e-08
7.51102e-11         1.33011e-07
7.61102e-11         4.36863e-07
7.71102e-11         4.47831e-07
7.81102e-11         1.11482e-07
7.91102e-11         4.50394e-08
8.01102e-11         1.97653e-07
8.11102e-11         3.37889e-07
8.21102e-11         4.91728e-07
8.31102e-11         3.44644e-08
8.41102e-11         1.11837e-07
8.51102e-11         2.547e-07
8.61102e-11         2.50408e-07
8.71102e-11         5.30585e-07
8.81102e-11         3.3812e-08
8.91102e-11         1.71138e-07
9.01102e-11         3.05415e-07
9.11102e-11         1.72529e-07
9.21102e-11         5.65224e-07
9.31102e-11         9.47555e-08
9.41102e-11         2.24138e-07
9.51102e-11         2.32852e-07
9.61102e-11         1.02753e-07
9.71102e-11         2.46657e-08
9.81102e-11         1.49487e-07
9.91102e-11         2.88305e-07
1.0011e-10         1.62851e-07
1.0111e-10         3.98785e-08
1.0211e-10         8.06855e-08
1.0311e-10         1.98911e-07
1.0411e-10         2.18331e-07
1.0511e-10         9.95102e-08
1.0611e-10         1.70709e-08
1.0711e-10         1.31475e-07
1.0811e-10         2.43763e-07
1.0911e-10         1.5477e-07
1.1011e-10         4.19218e-08
1.1111e-10         6.88948e-08
1.2111e-10         1.59705e-07
1.3111e-10         2.36663e-07
1.4111e-10         4.84063e-07
1.5111e-10         3.74688e-07
1.6111e-10         2.78891e-07
1.7111e-10         1.94291e-07
1.8111e-10         1.19033e-07
1.9111e-10         5.16512e-08
2.0111e-10         9.02976e-09
2.1111e-10         6.39619e-08
2.2111e-10         1.13925e-07
2.3111e-10         3.20822e-07
2.4111e-10         2.59044e-07
2.5111e-10         2.02187e-07
2.6111e-10         1.49684e-07
2.7111e-10         1.01055e-07
2.8111e-10         5.58856e-08
2.9111e-10         1.38194e-08
3.0111e-10         2.54527e-08
3.1111e-10         6.22002e-08
3.2111e-10         2.49086e-07
3.3111e-10         2.06267e-07
3.4111e-10         1.65958e-07
3.5111e-10         1.27946e-07
3.6111e-10         9.20383e-08
3.7111e-10         5.80661e-08
3.8111e-10         2.58768e-08
3.9111e-10         4.66657e-09
4.0111e-10         3.3687e-08
4.1111e-10         7.37319e-08
4.2111e-10         4.42281e-08
4.3111e-10         1.6093e-08
4.4111e-10         1.07665e-08
4.5111e-10         3.64351e-08
4.6111e-10         6.09904e-08
4.7111e-10         3.33273e-08
4.8111e-10         8.34277e-09
4.9111e-10         1.56243e-08
5.0111e-10         7.21415e-08
5.1111e-10         4.78641e-08
5.2111e-10         2.45184e-08
5.3111e-10         2.05182e-09
5.4111e-10         1.95844e-08
5.5111e-10         4.04354e-08
5.6111e-10         3.83878e-08
5.7111e-10         1.72519e-08
5.8111e-10         3.15656e-09
5.9111e-10         2.28745e-08
6.0111e-10         5.04113e-08
6.1111e-10         3.04621e-08
6.2111e-10         1.11553e-08
6.3111e-10         7.53967e-09
6.4111e-10         2.56514e-08
6.5111e-10         4.20493e-08
6.6111e-10         2.37353e-08
6.7111e-10         5.96717e-09
6.8111e-10         1.12793e-08
6.9111e-10         5.22951e-08
7.0111e-10         3.48799e-08
7.1111e-10         1.79545e-08
7.2111e-10         1.49849e-09
7.3111e-10         1.45073e-08
7.4111e-10         4.48215e-08
7.5111e-10         2.8665e-08
7.6111e-10         1.29332e-08
7.7111e-10         2.39068e-09
7.8111e-10         5.37448e-08
7.9111e-10         3.82925e-08
8.0111e-10         2.3226e-08
8.1111e-10         8.53091e-09
8.2111e-10         5.8062e-09
8.3111e-10         4.69933e-08
8.4111e-10         3.25398e-08
8.5111e-10         1.84259e-08
8.6111e-10         4.63989e-09
8.7111e-10         5.4895e-08
8.8111e-10         4.1008e-08
8.9111e-10         2.74326e-08
9.0111e-10         1.41586e-08
9.1111e-10         1.17594e-09
9.2111e-10         4.87407e-08
9.3111e-10         3.56655e-08
9.4111e-10         2.28681e-08
9.5111e-10         1.03399e-08
9.6111e-10         5.58297e-08
9.7111e-10         4.32201e-08
9.8111e-10         3.08675e-08
9.9111e-10         1.87642e-08
1.00111e-09         6.90268e-09
1.01111e-09         5.0177e-08
1.02111e-09         3.82402e-08
1.03111e-09         2.65349e-08
1.04111e-09         1.50544e-08
1.05111e-09         5.66044e-08
1.06111e-09         4.5057e-08
1.07111e-09         1.81006e-08
1.08111e-09         2.87434e-08
1.09111e-09         3.91912e-08
1.10111e-09         4.94491e-08
1.11111e-09         9.56233e-09
1.21111e-09         1.36015e-08
1.31111e-09         1.70245e-08
1.41111e-09         1.99624e-08
1.51111e-09         2.25114e-08
1.61111e-09         9.71121e-09
1.71111e-09         5.72595e-09
1.81111e-09         2.18078e-09
1.91111e-09         9.93389e-10
2.01111e-09         3.85189e-09
2.11111e-09         6.43959e-09
2.21111e-09         8.79322e-09
2.31111e-09         1.09432e-08
2.41111e-09         1.29148e-08
2.51111e-09         1.47294e-08
2.61111e-09         1.6405e-08
2.71111e-09         2.29939e-08
2.81111e-09         2.00956e-08
2.91111e-09         1.73964e-08
3.01111e-09         1.48765e-08
3.11111e-09         5.32433e-09
3.21111e-09         1.03075e-08
3.31111e-09         8.22998e-09
3.41111e-09         6.27428e-09
3.51111e-09         4.42999e-09
3.61111e-09         2.68783e-09
3.71111e-09         1.03957e-09
3.81111e-09         1.50878e-08
3.91111e-09         2.0041e-09
4.01111e-09         3.41211e-09
4.11111e-09         4.75163e-09
4.21111e-09         6.02752e-09
4.31111e-09         5.63207e-09
4.41111e-09         4.17863e-09
4.51111e-09         9.51581e-09
4.61111e-09         1.05777e-08
4.71111e-09         1.15945e-08
4.81111e-09         1.03095e-09
4.91111e-09         2.20075e-09
5.01111e-09         7.75375e-09
5.11111e-09         6.45786e-09
5.21111e-09         5.21169e-09
5.31111e-09         4.01246e-09
5.41111e-09         2.85755e-09
5.51111e-09         1.74455e-09
5.61111e-09         6.71221e-10
5.71111e-09         3.6452e-10
5.81111e-09         1.36461e-09
5.91111e-09         2.33087e-09
6.01111e-09         3.26497e-09
6.11111e-09         4.91513e-09
6.21111e-09         3.89444e-09
6.31111e-09         2.9061e-09
6.41111e-09         1.06072e-08
6.51111e-09         1.02049e-09
6.61111e-09         1.20465e-10
6.71111e-09         7.52736e-10
6.81111e-09         1.6003e-09
6.91111e-09         2.42333e-09
7.01111e-09         3.22289e-09
7.11111e-09         3.99995e-09
7.21111e-09         4.75547e-09
7.31111e-09         5.49032e-09
7.41111e-09         1.28493e-09
7.51111e-09         4.89225e-10
7.61111e-09         2.85567e-10
7.71111e-09         1.04026e-09
7.81111e-09         1.77564e-09
7.91111e-09         2.49242e-09
8.01111e-09         3.73797e-09
8.11111e-09         2.97088e-09
8.21111e-09         2.22248e-09
8.31111e-09         1.49209e-09
8.41111e-09         7.7907e-10
8.51111e-09         6.605e-09
8.61111e-09         5.84916e-09
8.71111e-09         5.11068e-09
8.81111e-09         4.38896e-09
8.91111e-09         3.68343e-09
9.01111e-09         2.99357e-09
9.11111e-09         2.31885e-09
9.21111e-09         4.36777e-09
9.31111e-09         4.94894e-09
9.41111e-09         5.51775e-09
9.51111e-09         2.38157e-10
9.61111e-09         8.44152e-10
9.71111e-09         1.43767e-09
9.81111e-09         2.01908e-09
9.91111e-09         2.58877e-09
1.00111e-08         3.14707e-09
1.01111e-08         1.79579e-09
1.02111e-08         1.20548e-09
1.03111e-08         6.26624e-10
1.04111e-08         5.88876e-11
1.05111e-08         4.98046e-10
1.06111e-08         1.04448e-09
1.07111e-08         1.58072e-09
1.08111e-08         2.10703e-09
1.09111e-08         2.46388e-09
1.10111e-08         1.9104e-09
1.11111e-08         6.36288e-09
1.21111e-08         3.57469e-09
1.31111e-08         7.05336e-10
1.41111e-08         4.44887e-10
1.51111e-08         2.1891e-10
1.61111e-08         3.4665e-09
1.71111e-08         1.53806e-10
1.81111e-08         3.09295e-10
1.91111e-08         2.45614e-09
2.01111e-08         5.73884e-10
2.11111e-08         6.87379e-10
2.21111e-08         7.90608e-10
2.31111e-08         8.84904e-10
2.41111e-08         1.33093e-09
2.51111e-08         1.15966e-09
2.61111e-08         1.12445e-09
2.71111e-08         8.55019e-10
2.81111e-08         1.25575e-09
2.91111e-08         1.31463e-09
3.01111e-08         4.7394e-10
3.11111e-08         1.42104e-09
3.21111e-08         2.59445e-10
3.31111e-08         1.83843e-09
3.41111e-08         1.55726e-09
3.51111e-08         1.64786e-11
3.61111e-08         9.82653e-11
3.71111e-08         1.75644e-10
3.81111e-08         2.48963e-10
3.91111e-08         3.18532e-10
4.01111e-08         3.84632e-10
4.11111e-08         9.02755e-10
4.21111e-08         5.07414e-10
4.31111e-08         7.23096e-10
4.41111e-08         6.19063e-10
4.51111e-08         6.71175e-10
4.61111e-08         4.8283e-10
4.71111e-08         7.68762e-10
4.81111e-08         3.39299e-10
4.91111e-08         2.71917e-10
5.01111e-08         2.07225e-10
5.11111e-08         1.45064e-10
5.21111e-08         8.52889e-11
5.31111e-08         2.77647e-11
5.41111e-08         2.76333e-11
5.51111e-08         8.10211e-11
5.61111e-08         1.32506e-10
5.71111e-08         1.82187e-10
5.81111e-08         2.30159e-10
5.91111e-08         6.6259e-10
6.01111e-08         1.24479e-09
6.11111e-08         3.64655e-10
6.21111e-08         4.8714e-10
6.31111e-08         4.47215e-10
6.41111e-08         4.86563e-10
6.51111e-08         3.27857e-10
6.61111e-08         2.77975e-10
6.71111e-08         2.2958e-10
6.81111e-08         1.82606e-10
6.91111e-08         6.66225e-10
7.01111e-08         8.84437e-10
7.11111e-08         4.96103e-11
7.21111e-08         7.73759e-12
7.31111e-08         7.26281e-10
7.41111e-08         7.2618e-11
7.51111e-08         1.11191e-10
7.61111e-08         5.80593e-10
7.71111e-08         1.85336e-10
7.81111e-08         2.20984e-10
7.91111e-08         2.55732e-10
8.01111e-08         2.89612e-10
8.11111e-08         3.22656e-10
8.21111e-08         3.54896e-10
8.31111e-08         2.81556e-10
8.41111e-08         2.42899e-10
8.51111e-08         4.47069e-10
8.61111e-08         1.6828e-10
8.71111e-08         1.32255e-10
8.81111e-08         9.70478e-11
8.91111e-08         6.26309e-11
9.01111e-08         5.87052e-10
9.11111e-08         6.05332e-10
9.21111e-08         5.66518e-10
9.31111e-08         6.76442e-11
9.41111e-08         9.84827e-11
9.51111e-08         7.12318e-10
9.61111e-08         4.19338e-10
9.71111e-08         3.84438e-10
9.81111e-08         2.1555e-10
9.91111e-08         2.4334e-10
1.00111e-07         2.8392e-10
1.01111e-07         2.97272e-10
1.02111e-07         3.23445e-10
1.03111e-07         1.89251e-10
1.04111e-07         1.58907e-10
1.05111e-07         1.29141e-10
1.06111e-07         9.99353e-11
1.07111e-07         7.12752e-11
1.08111e-07         4.31453e-11
1.09111e-07         4.93227e-10
1.10111e-07         1.15818e-11
1.11111e-07         5.37807e-10
1.21111e-07         1.78077e-10
1.31111e-07         6.20216e-11
1.41111e-07         1.25295e-10
1.51111e-07         2.8782e-10
1.61111e-07         8.5618e-11
1.71111e-07         9.29504e-11
1.81111e-07         5.47037e-11
1.91111e-07         1.86906e-10
2.01111e-07         2.99381e-11
2.11111e-07         1.12159e-10
2.21111e-07         2.60708e-10
2.31111e-07         1.20923e-10
2.41111e-07         7.2673e-12
2.51111e-07         1.25248e-10
2.61111e-07         1.91e-10
2.71111e-07         1.30344e-10
2.81111e-07         2.31355e-10
2.91111e-07         5.59475e-11
3.01111e-07         4.45415e-11
3.11111e-07         3.98583e-11
3.21111e-07         5.38708e-11
3.31111e-07         2.57128e-11
3.41111e-07         1.0063e-10
3.51111e-07         1.31788e-11
3.61111e-07         8.42941e-11
3.71111e-07         1.99585e-12
3.81111e-07         7.59836e-11
3.91111e-07         8.04345e-12
4.01111e-07         8.18844e-11
4.11111e-07         1.7106e-11
4.21111e-07         4.45959e-11
4.31111e-07         1.03435e-10
4.41111e-07         1.59607e-10
4.51111e-07         9.0234e-11
4.61111e-07         2.387e-11
4.71111e-07         3.96767e-11
4.81111e-07         1.47994e-11
4.91111e-07         6.7057e-11
5.01111e-07         1.04323e-10
5.11111e-07         5.17799e-11
5.21111e-07         1.25311e-12
5.31111e-07         4.73711e-11
5.41111e-07         8.38929e-12
5.51111e-07         3.85998e-11
5.61111e-07         8.39139e-11
5.71111e-07         3.04428e-11
5.81111e-07         2.11882e-11
5.91111e-07         2.28377e-11
6.01111e-07         2.69489e-11
6.11111e-07         7.5106e-11
6.21111e-07         3.23385e-11
6.31111e-07         9.07363e-12
6.41111e-07         3.73919e-11
6.51111e-07         2.82585e-12
6.61111e-07         4.18269e-11
6.71111e-07         7.96656e-11
6.81111e-07         3.48924e-11
6.91111e-07         8.58502e-12
7.01111e-07         2.83537e-11
7.11111e-07         1.38091e-11
7.21111e-07         5.48024e-11
7.31111e-07         1.87472e-11
7.41111e-07         1.63348e-11
7.51111e-07         5.04828e-11
7.61111e-07         6.21352e-11
7.71111e-07         2.78552e-11
7.81111e-07         5.54701e-12
7.91111e-07         3.20638e-11
8.01111e-07         6.87357e-11
8.11111e-07         3.60648e-11
8.21111e-07         6.34152e-11
8.31111e-07         3.98733e-11
8.41111e-07         8.71092e-12
8.51111e-07         4.35028e-11
8.61111e-07         5.14425e-11
8.71111e-07         1.67589e-11
8.81111e-07         1.71374e-11
8.91111e-07         1.20213e-11
9.01111e-07         2.10701e-11
9.11111e-07         7.49167e-12
9.21111e-07         2.48321e-11
9.31111e-07         3.15659e-12
9.41111e-07         2.84341e-11
9.51111e-07         5.93606e-11
9.61111e-07         2.5871e-11
9.71111e-07         4.97768e-12
9.81111e-07         2.13823e-11
9.91111e-07         4.72105e-11
1.00111e-06         1.7073e-11
1.01111e-06         1.24682e-11
1.02111e-06         4.1431e-11
1.03111e-06         1.59956e-11
1.04111e-06         8.95106e-12
1.05111e-06         1.93887e-11
1.06111e-06         4.71944e-11
1.07111e-06         2.91707e-11
1.08111e-06         1.43019e-12
1.09111e-06         2.50741e-11
1.10111e-06         4.82884e-11
1.11111e-06         2.11249e-11
1.21111e-06         3.33522e-12
1.31111e-06         1.17408e-11
1.41111e-06         2.46801e-11
1.51111e-06         3.75638e-11
1.61111e-06         1.12846e-11
1.71111e-06         2.1982e-11
1.81111e-06         3.1498e-11
1.91111e-06         1.80749e-11
2.01111e-06         2.00888e-11
2.11111e-06         2.83422e-11
2.21111e-06         1.07435e-11
2.31111e-06         5.33229e-12
2.41111e-06         2.94853e-12
2.51111e-06         1.05698e-11
2.61111e-06         3.6523e-12
2.71111e-06         3.6503e-12
2.81111e-06         1.04332e-11
2.91111e-06         2.31848e-12
3.01111e-06         4.21219e-12
3.11111e-06         7.51987e-12
3.21111e-06         1.23401e-12
3.31111e-06         4.67215e-12
3.41111e-06         6.0415e-12
3.51111e-06         1.6145e-11
3.61111e-06         5.05584e-12
3.71111e-06         1.0156e-11
3.81111e-06         1.41428e-11
3.91111e-06         8.81262e-12
4.01111e-06         1.00912e-11
4.11111e-06         1.06992e-12
4.21111e-06         5.65914e-12
4.31111e-06         1.00354e-11
4.41111e-06         1.62892e-12
4.51111e-06         5.9005e-12
4.61111e-06         9.9869e-12
4.71111e-06         1.38998e-11
4.81111e-06         6.11189e-12
4.91111e-06         1.3588e-12
5.01111e-06         2.54619e-12
5.11111e-06         6.29841e-12
5.21111e-06         9.90663e-12
5.31111e-06         7.52476e-12
5.41111e-06         6.46427e-12
5.51111e-06         1.99507e-13
5.61111e-06         3.26728e-12
5.71111e-06         3.10718e-12
5.81111e-06         9.26215e-12
5.91111e-06         1.2964e-11
6.01111e-06         6.74627e-12
6.11111e-06         7.32192e-13
6.21111e-06         1.27864e-11
6.31111e-06         6.86728e-12
6.41111e-06         1.13265e-12
6.51111e-06         4.09983e-12
6.61111e-06         6.9772e-12
6.71111e-06         1.49725e-12
6.81111e-06         4.32843e-12
6.91111e-06         9.5457e-13
7.01111e-06         1.83076e-12
7.11111e-06         4.5377e-12
7.21111e-06         5.28355e-13
7.31111e-06         2.13685e-12
7.41111e-06         1.22203e-11
7.51111e-06         7.25431e-12
7.61111e-06         2.41873e-12
7.71111e-06         2.29128e-12
7.81111e-06         1.44392e-11
7.91111e-06         2.67952e-12
8.01111e-06         5.07183e-12
8.11111e-06         7.40519e-12
8.21111e-06         2.92122e-12
8.31111e-06         5.22427e-12
8.41111e-06         7.47258e-12
8.51111e-06         9.66804e-12
8.61111e-06         1.18124e-11
8.71111e-06         1.16285e-12
8.81111e-06         9.65528e-12
8.91111e-06         5.49827e-12
9.01111e-06         7.59381e-12
9.11111e-06         9.6434e-12
9.21111e-06         5.62195e-12
9.31111e-06         7.64866e-12
9.41111e-06         9.63229e-12
9.51111e-06         5.73774e-12
9.61111e-06         1.92424e-12
9.71111e-06         9.62186e-12
9.81111e-06         5.84655e-12
9.91111e-06         7.74825e-12
1.00111e-05         9.61209e-12
1.01111e-05         1.1439e-11
1.02111e-05         1.32301e-11
1.03111e-05         9.60276e-12
1.04111e-05         1.13771e-11
1.05111e-05         1.31177e-11
1.06111e-05         4.36262e-12
1.07111e-05         1.13188e-11
1.08111e-05         1.30116e-11
1.09111e-05         9.58589e-12
1.10111e-05         1.12637e-11
1.11111e-05         1.29112e-11
1.21111e-05         1.41401e-11
1.31111e-05         1.51816e-11
1.41111e-05         2.00093e-11
1.51111e-05         2.05245e-11
1.61111e-05         2.44212e-11
1.71111e-05         2.46184e-11
1.81111e-05         3.09238e-11
1.91111e-05         3.07601e-11
2.01111e-05         3.61331e-11
2.11111e-05         3.83675e-11
2.21111e-05         4.29105e-11
2.31111e-05         4.70602e-11
2.41111e-05         5.31681e-11
2.51111e-05         5.6579e-11
2.61111e-05         6.18544e-11
2.71111e-05         6.67407e-11
2.81111e-05         6.93048e-11
2.91111e-05         7.74132e-11
3.01111e-05         8.1296e-11
3.11111e-05         8.67133e-11
3.21111e-05         9.35221e-11
3.31111e-05         9.8243e-11
3.41111e-05         1.04314e-10
3.51111e-05         1.11621e-10
3.61111e-05         1.16986e-10
3.71111e-05         1.25053e-10
3.81111e-05         1.29784e-10
3.91111e-05         1.37111e-10
4.01111e-05         1.45458e-10
4.11111e-05         1.52047e-10
4.21111e-05         1.59642e-10
4.31111e-05         1.68173e-10
4.41111e-05         1.73799e-10
4.51111e-05         1.84099e-10
4.61111e-05         1.9034e-10
4.71111e-05         1.99851e-10
4.81111e-05         2.08966e-10
4.91111e-05         2.16581e-10
5.01111e-05         2.26106e-10
5.11111e-05         2.36345e-10
5.21111e-05         2.44061e-10
5.31111e-05         2.54622e-10
5.41111e-05         2.6274e-10
5.51111e-05         2.73586e-10
5.61111e-05         2.84045e-10
5.71111e-05         2.93166e-10
5.81111e-05         3.03883e-10
5.91111e-05         3.14238e-10
6.01111e-05         3.25172e-10
6.11111e-05         3.36656e-10
6.21111e-05         3.47771e-10
6.31111e-05         3.58533e-10
6.41111e-05         3.70692e-10
6.51111e-05         3.81624e-10
6.61111e-05         3.93065e-10
6.71111e-05         4.0582e-10
6.81111e-05         4.17385e-10
6.91111e-05         4.30222e-10
7.01111e-05         4.42692e-10
7.11111e-05         4.54812e-10
7.21111e-05         4.68135e-10
7.31111e-05         4.81094e-10
7.41111e-05         4.94452e-10
7.51111e-05         5.08194e-10
7.61111e-05         5.21574e-10
7.71111e-05         5.35328e-10
7.81111e-05         5.49439e-10
7.91111e-05         5.63194e-10
8.01111e-05         5.77992e-10
8.11111e-05         5.92425e-10
8.21111e-05         6.06506e-10
8.31111e-05         6.22252e-10
8.41111e-05         6.36963e-10
8.51111e-05         6.52634e-10
8.61111e-05         6.6794e-10
8.71111e-05         6.82895e-10
8.81111e-05         6.994e-10
8.91111e-05         7.15536e-10
9.01111e-05         7.30697e-10
9.11111e-05         7.47352e-10
9.21111e-05         7.63647e-10
9.31111e-05         7.80783e-10
9.41111e-05         7.97556e-10
9.51111e-05         8.14559e-10
9.61111e-05         8.31787e-10
9.71111e-05         8.49802e-10
9.81111e-05         8.66319e-10
9.91111e-05         8.84743e-10
0.000100111         9.02244e-10
0.000101111         9.20497e-10
0.000102111         9.38936e-10
0.000103111         9.57556e-10
0.000104111         9.76352e-10
0.000105111         9.95318e-10
0.000106111         1.0134e-09
0.000107111         1.03322e-09
0.000108111         1.05216e-09
0.000109111         1.07178e-09
0.000110111         1.09204e-09
0.000111111         1.11144e-09
0.000121111         1.32081e-09
0.000131111         1.54777e-09
0.000141111         1.79332e-09
0.000151111         2.05633e-09
0.000161111         2.33733e-09
0.000171111         2.63643e-09
0.000181111         2.95368e-09
0.000191111         3.28914e-09
0.000201111         3.64204e-09
0.000211111         4.0133e-09
0.000221111         4.40269e-09
0.000231111         4.80979e-09
0.000241111         5.23492e-09
0.000251111         5.67837e-09
0.000261111         6.13972e-09
0.000271111         6.61884e-09
0.000281111         7.116e-09
0.000291111         7.63126e-09
0.000301111         8.16465e-09
0.000311111         8.71603e-09
0.000321111         9.28544e-09
0.000331111         9.87277e-09
0.000341111         1.04779e-08
0.000351111         1.11014e-08
0.000361111         1.17427e-08
0.000371111         1.2402e-08
0.000381111         1.30795e-08
0.000391111         1.37748e-08
0.000401111         1.44883e-08
0.000411111         1.52196e-08
0.000421111         1.59691e-08
0.000431111         1.67366e-08
0.000441111         1.7522e-08
0.000451111         1.83254e-08
0.000461111         1.91468e-08
0.000471111         1.99864e-08
0.000481111         2.08438e-08
0.000491111         2.17194e-08
0.000501111         2.26127e-08
0.000511111         2.35242e-08
0.000521111         2.44538e-08
0.000531111         2.54013e-08
0.000541111         2.63669e-08
0.000551111         2.73504e-08
0.000561111         2.83521e-08
0.000571111         2.93715e-08
0.000581111         3.04091e-08
0.000591111         3.14648e-08
0.000601111         3.25384e-08
0.000611111         3.36299e-08
0.000621111         3.47396e-08
0.000631111         3.58672e-08
0.000641111         3.70129e-08
0.000651111         3.81765e-08
0.000661111         3.93581e-08
0.000671111         4.05578e-08
0.000681111         4.17755e-08
0.000691111         4.30111e-08
0.000701111         4.42649e-08
0.000711111         4.55365e-08
0.000721111         4.68263e-08
0.000731111         4.8134e-08
0.000741111         4.94598e-08
0.000751111         5.08035e-08
0.000761111         5.21653e-08
0.000771111         5.35451e-08
0.000781111         5.49428e-08
0.000791111         5.63586e-08
0.000801111         5.77924e-08
0.000811111         5.92443e-08
0.000821111         6.07141e-08
0.000831111         6.22019e-08
0.000841111         6.37077e-08
0.000851111         6.52316e-08
0.000861111         6.67735e-08
0.000871111         6.83334e-08
0.000881111         6.99112e-08
0.000891111         7.15072e-08
0.000901111         7.31211e-08
0.000911111         7.4753e-08
0.000921111         7.64029e-08
0.000931111         7.80708e-08
0.000941111         7.97568e-08
0.000951111         8.14607e-08
0.000961111         8.31827e-08
0.000971111         8.49226e-08
0.000981111         8.66806e-08
0.000991111         8.84566e-08
0.00100111         9.02506e-08
0.00101111         9.20626e-08
0.00102111         9.38926e-08
0.00103111         9.57407e-08
0.00104111         9.76067e-08
0.00105111         9.94907e-08
0.00106111         1.01393e-07
0.00107111         1.03313e-07
0.00108111         1.05251e-07
0.00109111         1.07207e-07
0.00110111         1.09181e-07
0.00111111         1.11173e-07
0.00121111         1.32085e-07
0.00131111         1.54798e-07
0.00141111         1.79311e-07
0.00151111         2.05626e-07
0.00161111         2.33742e-07
0.00171111         2.63659e-07
0.00181111         2.95376e-07
0.00191111         3.28895e-07
0.00201111         3.64215e-07
0.00211111         4.01336e-07
0.00221111         4.40257e-07
0.00231111         4.8098e-07
0.00241111         5.23504e-07
0.00251111         5.67829e-07
0.00261111         6.13954e-07
0.00271111         6.61881e-07
0.00281111         7.11609e-07
0.00291111         7.63138e-07
0.00301111         8.16468e-07
0.00311111         8.71598e-07
0.00321111         9.2853e-07
0.00331111         9.87263e-07
0.00341111         1.0478e-06
0.00351111         1.11013e-06
0.00361111         1.17427e-06
0.00371111         1.2402e-06
0.00381111         1.30794e-06
0.00391111         1.37748e-06
0.00401111         1.44882e-06
0.00411111         1.52196e-06
0.00421111         1.5969e-06
0.00431111         1.67365e-06
0.00441111         1.75219e-06
0.00451111         1.83253e-06
0.00461111         1.91468e-06
0.00471111         1.99863e-06
0.00481111         2.08437e-06
0.00491111         2.17192e-06
0.00501111         2.26127e-06
0.00511111         2.35242e-06
0.00521111         2.44538e-06
0.00531111         2.54013e-06
0.00541111         2.63668e-06
0.00551111         2.73504e-06
0.00561111         2.83519e-06
0.00571111         2.93715e-06
0.00581111         3.04091e-06
0.00591111         3.14647e-06
0.00601111         3.25383e-06
0.00611111         3.36299e-06
0.00621111         3.47395e-06
0.00631111         3.58671e-06
0.00641111         3.70127e-06
0.00651111         3.81764e-06
0.00661111         3.9358e-06
0.00671111         4.05577e-06
0.00681111         4.17754e-06
0.00691111         4.30111e-06
0.00701111         4.42648e-06
0.00711111         4.55365e-06
0.00721111         4.68262e-06
0.00731111         4.81339e-06
0.00741111         4.94596e-06
0.00751111         5.08034e-06
0.00761111         5.21651e-06
0.00771111         5.35449e-06
0.00781111         5.49427e-06
0.00791111         5.63585e-06
0.00801111         5.77923e-06
0.00811111         5.92441e-06
0.00821111         6.07139e-06
0.00831111         6.22017e-06
0.00841111         6.37075e-06
0.00851111         6.52314e-06
0.00861111         6.67732e-06
0.00871111         6.83331e-06
0.00881111         6.9911e-06
0.00891111         7.15068e-06
0.00901111         7.31207e-06
0.00911111         7.47526e-06
0.00921111         7.64025e-06
0.00931111         7.80705e-06
0.00941111         7.97564e-06
0.00951111         8.14603e-06
0.00961111         8.31823e-06
0.00971111         8.49222e-06
0.00981111         8.66802e-06
0.00991111         8.84562e-06
0.0100111         9.02502e-06
0.0101111         9.20622e-06
0.0102111         9.38922e-06
0.0103111         9.57402e-06
0.0104111         9.76062e-06
0.0105111         9.94902e-06
0.0106111         1.01392e-05
0.0107111         1.03312e-05
0.0108111         1.0525e-05
0.0109111         1.07206e-05
0.0110111         1.09181e-05
0.0111111         1.11173e-05
0.0121111         1.32084e-05
0.0131111         1.54796e-05
0.0141111         1.7931e-05
0.0151111         2.05624e-05
0.0161111         2.33739e-05
0.0171111         2.63655e-05
0.0181111         2.95372e-05
0.0191111         3.28889e-05
0.0201111         3.64208e-05
0.0211111         4.01327e-05
0.0221111         4.40247e-05
0.0231111         4.80967e-05
0.0241111         5.23489e-05
0.0251111         5.67811e-05
0.0261111         6.13934e-05
0.0271111         6.61857e-05
0.0281111         7.11581e-05
0.0291111         7.63106e-05
0.0301111         8.16431e-05
0.0311111         8.71557e-05
0.0321111         9.28483e-05
0.0331111         9.87209e-05
0.0341111         0.000104774
0.0351111         0.000111006
0.0361111         0.000117419
0.0371111         0.000124012
0.0381111         0.000130785
0.0391111         0.000137738
0.0401111         0.000144871
0.0411111         0.000152183
0.0421111         0.000159676
0.0431111         0.000167349
0.0441111         0.000175202
0.0451111         0.000183235
0.0461111         0.000191448
0.0471111         0.000199841
0.0481111         0.000208414
0.0491111         0.000217166
0.0501111         0.000226099
0.0511111         0.000235212
0.0521111         0.000244505
0.0531111         0.000253977
0.0541111         0.00026363
0.0551111         0.000273463
0.0561111         0.000283475
0.0571111         0.000293668
0.0581111         0.00030404
0.0591111         0.000314592
0.0601111         0.000325324
0.0611111         0.000336236
0.0621111         0.000347328
0.0631111         0.0003586
0.0641111         0.000370052
0.0651111         0.000381684
0.0661111         0.000393495
0.0671111         0.000405487
0.0681111         0.000417658
0.0691111         0.000430009
0.0701111         0.00044254
0.0711111         0.000455251
0.0721111         0.000468141
0.0731111         0.000481212
0.0741111         0.000494462
0.0751111         0.000507892
0.0761111         0.000521502
0.0771111         0.000535292
0.0781111         0.000549261
0.0791111         0.00056341
0.0801111         0.000577739
0.0811111         0.000592248
0.0821111         0.000606936
0.0831111         0.000621804
0.0841111         0.000636852
0.0851111         0.00065208
0.0861111         0.000667487
0.0871111         0.000683074
0.0881111         0.000698841
0.0891111         0.000714787
0.0901111         0.000730913
0.0911111         0.000747219
0.0921111         0.000763705
0.0931111         0.00078037
0.0941111         0.000797214
0.0951111         0.000814239
0.0961111         0.000831442
0.0971111         0.000848826
0.0981111         0.000866389
0.0991111         0.000884132
0.100111         0.000902054
0.101111         0.000920156
0.102111         0.000938437
0.103111         0.000956898
0.104111         0.000975538
0.105111         0.000994358
0.106111         0.00101336
0.107111         0.00103254
0.108111         0.0010519
0.109111         0.00107143
0.110111         0.00109115
0.111111         0.00111105
0.121111         0.00131988
0.131111         0.00154665
0.141111         0.00179133
0.151111         0.00205392
0.161111         0.00233439
0.171111         0.00263273
0.181111         0.00294892
0.191111         0.00328295
0.201111         0.00363479
0.211111         0.00400442
0.221111         0.00439182
0.231111         0.00479697
0.241111         0.00521984
0.251111         0.00566041
0.261111         0.00611865
0.271111         0.00659453
0.281111         0.00708803
0.291111         0.00759911
0.301111         0.00812775
0.311111         0.0086739
0.321111         0.00923755
0.331111         0.00981866
0.341111         0.0104172
0.351111         0.0110331
0.361111         0.0116664
0.371111         0.0123169
0.381111         0.0129848
0.391111         0.0136698
0.401111         0.0143721
0.411111         0.0150915
0.421111         0.015828
0.431111         0.0165816
0.441111         0.0173522
0.451111         0.0181398
0.461111         0.0189443
0.471111         0.0197657
0.481111         0.0206039
0.491111         0.0214588
0.501111         0.0223305
0.511111         0.0232189
0.521111         0.0241239
0.531111         0.0250455
0.541111         0.0259835
0.551111         0.0269381
0.561111         0.027909
0.571111         0.0288962
0.581111         0.0298998
0.591111         0.0309196
0.601111         0.0319555
0.611111         0.0330075
0.621111         0.0340756
0.631111         0.0351596
0.641111         0.0362596
0.651111         0.0373754
0.661111         0.0385069
0.671111         0.0396542
0.681111         0.0408171
0.691111         0.0419956
0.701111         0.0431896
0.711111         0.044399
0.721111         0.0456238
0.731111         0.0468639
0.741111         0.0481191
0.751111         0.0493896
0.761111         0.050675
0.771111         0.0519755
0.781111         0.0532909
0.791111         0.0546211
0.801111         0.055966
0.811111         0.0573257
0.821111         0.0586999
0.831111         0.0600886
0.841111         0.0614918
0.851111         0.0629093
0.861111         0.0643411
0.871111         0.065787
0.881111         0.0672471
0.891111         0.0687211
0.901111         0.0702091
0.911111         0.0717109
0.921111         0.0732264
0.931111         0.0747556
0.941111         0.0762983
0.951111         0.0778545
0.961111         0.0794241
0.971111         0.081007
0.981111         0.0826031
0.991111         0.0842123
1.00111         0.0858345
