2e-16         6.12303e-17
3e-16         6.12303e-17
4e-16         6.12303e-17
5e-16         6.12303e-17
6e-16         6.12303e-17
7e-16         6.12303e-17
8e-16         6.12303e-17
9e-16         6.12303e-17
1e-15         6.12303e-17
1.1e-15         6.12303e-17
1.2e-15         6.12303e-17
1.3e-15         6.12303e-17
1.4e-15         6.12303e-17
1.5e-15         6.12303e-17
1.6e-15         6.12303e-17
1.7e-15         6.12303e-17
1.8e-15         6.12303e-17
1.9e-15         6.12303e-17
2e-15         6.12303e-17
2.1e-15         6.12303e-17
2.2e-15         6.12303e-17
2.3e-15         6.12303e-17
2.4e-15         6.12303e-17
2.5e-15         6.12303e-17
2.6e-15         6.12303e-17
2.7e-15         6.12303e-17
2.8e-15         6.12303e-17
2.9e-15         6.12303e-17
3e-15         6.12303e-17
3.1e-15         6.12303e-17
3.2e-15         6.12303e-17
3.3e-15         6.12303e-17
3.4e-15         6.12303e-17
3.5e-15         6.12303e-17
3.6e-15         6.12303e-17
3.7e-15         6.12303e-17
3.8e-15         6.12303e-17
3.9e-15         6.12303e-17
4e-15         6.12303e-17
4.1e-15         6.12303e-17
4.2e-15         6.12303e-17
4.3e-15         6.12303e-17
4.4e-15         6.12303e-17
4.5e-15         6.12303e-17
4.6e-15         6.12303e-17
4.7e-15         6.12303e-17
4.8e-15         6.12303e-17
4.9e-15         6.12303e-17
5e-15         6.12303e-17
5.1e-15         6.12303e-17
5.2e-15         6.12303e-17
5.3e-15         6.12303e-17
5.4e-15         6.12303e-17
5.5e-15         6.12303e-17
5.6e-15         6.12303e-17
5.7e-15         6.12303e-17
5.8e-15         6.12303e-17
5.9e-15         6.12303e-17
6e-15         6.12303e-17
6.1e-15         6.12303e-17
6.2e-15         6.12303e-17
6.3e-15         6.12303e-17
6.4e-15         6.12303e-17
6.5e-15         6.12303e-17
6.6e-15         6.12303e-17
6.7e-15         6.12303e-17
6.8e-15         6.12303e-17
6.9e-15         6.12303e-17
7e-15         6.12303e-17
7.1e-15         6.12303e-17
7.2e-15         6.12303e-17
7.3e-15         6.12303e-17
7.4e-15         6.12303e-17
7.5e-15         6.12303e-17
7.6e-15         6.12303e-17
7.7e-15         6.12303e-17
7.8e-15         6.12303e-17
7.9e-15         6.12303e-17
8e-15         6.12303e-17
8.1e-15         6.12303e-17
8.2e-15         6.12303e-17
8.3e-15         6.12303e-17
8.4e-15         6.12303e-17
8.5e-15         6.12303e-17
8.6e-15         6.12303e-17
8.7e-15         6.12303e-17
8.8e-15         6.12303e-17
8.9e-15         6.12303e-17
9e-15         6.12303e-17
9.1e-15         6.12303e-17
9.2e-15         6.12303e-17
9.3e-15         6.12303e-17
9.4e-15         6.12303e-17
9.5e-15         6.12303e-17
9.6e-15         6.12303e-17
9.7e-15         6.12303e-17
9.8e-15         6.12303e-17
9.9e-15         6.12303e-17
1e-14         6.12303e-17
1.01e-14         6.12303e-17
1.02e-14         6.12303e-17
1.12e-14         6.12303e-17
1.22e-14         6.12303e-17
1.32e-14         6.12303e-17
1.42e-14         6.12303e-17
1.52e-14         6.12303e-17
1.62e-14         6.12303e-17
1.72e-14         6.12303e-17
1.82e-14         6.12303e-17
1.92e-14         6.12303e-17
2.02e-14         6.12303e-17
2.12e-14         6.12303e-17
2.22e-14         6.12303e-17
2.32e-14         6.12303e-17
2.42e-14         6.12303e-17
2.52e-14         6.12303e-17
2.62e-14         6.12303e-17
2.72e-14         6.12303e-17
2.82e-14         6.12303e-17
2.92e-14         6.12303e-17
3.02e-14         6.12303e-17
3.12e-14         6.12303e-17
3.22e-14         6.12303e-17
3.32e-14         6.12303e-17
3.42e-14         6.12303e-17
3.52e-14         6.12303e-17
3.62e-14         6.12303e-17
3.72e-14         6.12303e-17
3.82e-14         6.12303e-17
3.92e-14         6.12303e-17
4.02e-14         6.12303e-17
4.12e-14         6.12303e-17
4.22e-14         6.12303e-17
4.32e-14         6.12303e-17
4.42e-14         6.12303e-17
4.52e-14         6.12303e-17
4.62e-14         6.12303e-17
4.72e-14         6.12303e-17
4.82e-14         6.12303e-17
4.92e-14         6.12303e-17
5.02e-14         6.12303e-17
5.12e-14         6.12303e-17
5.22e-14         6.12303e-17
5.32e-14         6.12303e-17
5.42e-14         6.12303e-17
5.52e-14         6.12303e-17
5.62e-14         6.12303e-17
5.72e-14         6.12303e-17
5.82e-14         6.12303e-17
5.92e-14         6.12303e-17
6.02e-14         6.12303e-17
6.12e-14         6.12303e-17
6.22e-14         6.12303e-17
6.32e-14         6.12303e-17
6.42e-14         6.12303e-17
6.52e-14         6.12303e-17
6.62e-14         6.12303e-17
6.72e-14         6.12303e-17
6.82e-14         6.12303e-17
6.92e-14         6.12303e-17
7.02e-14         6.12303e-17
7.12e-14         6.12303e-17
7.22e-14         6.12303e-17
7.32e-14         6.12303e-17
7.42e-14         6.12303e-17
7.52e-14         6.12303e-17
7.62e-14         6.12303e-17
7.72e-14         6.12303e-17
7.82e-14         6.12303e-17
7.92e-14         6.12303e-17
8.02e-14         6.12303e-17
8.12e-14         6.12303e-17
8.22e-14         6.12303e-17
8.32e-14         6.12303e-17
8.42e-14         6.12303e-17
8.52e-14         6.12303e-17
8.62e-14         6.12303e-17
8.72e-14         6.12303e-17
8.82e-14         6.12303e-17
8.92e-14         6.12303e-17
9.02e-14         6.12303e-17
9.12e-14         6.12303e-17
9.22e-14         6.12303e-17
9.32e-14         6.12303e-17
9.42e-14         6.12303e-17
9.52e-14         6.12303e-17
9.62e-14         6.12303e-17
9.72e-14         6.12303e-17
9.82e-14         6.12303e-17
9.92e-14         6.12303e-17
1.002e-13         6.12303e-17
1.012e-13         6.12303e-17
1.022e-13         6.12303e-17
1.032e-13         6.12303e-17
1.042e-13         6.12303e-17
1.052e-13         6.12303e-17
1.062e-13         6.12303e-17
1.072e-13         6.12303e-17
1.082e-13         6.12303e-17
1.092e-13         6.12303e-17
1.102e-13         6.12303e-17
1.202e-13         6.12303e-17
1.302e-13         6.12303e-17
1.402e-13         6.12303e-17
1.502e-13         6.12303e-17
1.602e-13         6.12303e-17
1.702e-13         6.12303e-17
1.802e-13         6.12303e-17
1.902e-13         6.12303e-17
2.002e-13         6.12303e-17
2.102e-13         6.12303e-17
2.202e-13         6.12303e-17
2.302e-13         6.12303e-17
2.402e-13         6.12303e-17
2.502e-13         6.12303e-17
2.602e-13         6.12303e-17
2.702e-13         6.12303e-17
2.802e-13         6.12303e-17
2.902e-13         6.12303e-17
3.002e-13         6.12303e-17
3.102e-13         6.12303e-17
3.202e-13         6.12303e-17
3.302e-13         6.12303e-17
3.402e-13         6.12303e-17
3.502e-13         6.12303e-17
3.602e-13         6.12303e-17
3.702e-13         6.12303e-17
3.802e-13         6.12303e-17
3.902e-13         6.12303e-17
4.002e-13         6.12303e-17
4.102e-13         6.12303e-17
4.202e-13         6.12303e-17
4.302e-13         6.12303e-17
4.402e-13         6.12303e-17
4.502e-13         6.12303e-17
4.602e-13         6.12303e-17
4.702e-13         6.12303e-17
4.802e-13         6.12303e-17
4.902e-13         6.12303e-17
5.002e-13         6.12303e-17
5.102e-13         6.12303e-17
5.202e-13         6.12303e-17
5.302e-13         6.12303e-17
5.402e-13         6.12303e-17
5.502e-13         6.12303e-17
5.602e-13         6.12303e-17
5.702e-13         6.12303e-17
5.802e-13         6.12303e-17
5.902e-13         6.12303e-17
6.002e-13         6.12303e-17
6.102e-13         6.12303e-17
6.202e-13         6.12303e-17
6.302e-13         6.12303e-17
6.402e-13         6.12303e-17
6.502e-13         6.12303e-17
6.602e-13         6.12303e-17
6.702e-13         6.12303e-17
6.802e-13         6.12303e-17
6.902e-13         6.12303e-17
7.002e-13         6.12303e-17
7.102e-13         6.12303e-17
7.202e-13         6.12303e-17
7.302e-13         6.12303e-17
7.402e-13         6.12303e-17
7.502e-13         6.12303e-17
7.602e-13         6.12303e-17
7.702e-13         6.12303e-17
7.802e-13         6.12303e-17
7.902e-13         6.12303e-17
8.002e-13         6.12303e-17
8.102e-13         6.12303e-17
8.202e-13         6.12303e-17
8.302e-13         6.12303e-17
8.402e-13         6.12303e-17
8.502e-13         6.12303e-17
8.602e-13         6.12303e-17
8.702e-13         6.12303e-17
8.802e-13         6.12303e-17
8.902e-13         6.12303e-17
9.002e-13         6.12303e-17
9.102e-13         6.12303e-17
9.202e-13         6.12303e-17
9.302e-13         6.12303e-17
9.402e-13         6.12303e-17
9.502e-13         6.12303e-17
9.602e-13         6.12303e-17
9.702e-13         6.12303e-17
9.802e-13         6.12303e-17
9.902e-13         6.12303e-17
1.0002e-12         6.12303e-17
1.0102e-12         6.12303e-17
1.0202e-12         6.12303e-17
1.0302e-12         6.12303e-17
1.0402e-12         6.12303e-17
1.0502e-12         6.12303e-17
1.0602e-12         6.12303e-17
1.0702e-12         6.12303e-17
1.0802e-12         6.12303e-17
1.0902e-12         6.12303e-17
1.1002e-12         6.12303e-17
1.1102e-12         6.12303e-17
1.2102e-12         6.12303e-17
1.3102e-12         6.12303e-17
1.4102e-12         6.12303e-17
1.5102e-12         6.12303e-17
1.6102e-12         6.12303e-17
1.7102e-12         6.12303e-17
1.8102e-12         6.12303e-17
1.9102e-12         6.12303e-17
2.0102e-12         6.12303e-17
2.1102e-12         6.12303e-17
2.2102e-12         6.12303e-17
2.3102e-12         6.12303e-17
2.4102e-12         6.12303e-17
2.5102e-12         6.12303e-17
2.6102e-12         6.12303e-17
2.7102e-12         6.12303e-17
2.8102e-12         6.12303e-17
2.9102e-12         6.12303e-17
3.0102e-12         6.12303e-17
3.1102e-12         6.12303e-17
3.2102e-12         6.12303e-17
3.3102e-12         6.12303e-17
3.4102e-12         6.12303e-17
3.5102e-12         6.12303e-17
3.6102e-12         6.12303e-17
3.7102e-12         6.12303e-17
3.8102e-12         6.12303e-17
3.9102e-12         6.12303e-17
4.0102e-12         6.12303e-17
4.1102e-12         6.12303e-17
4.2102e-12         6.12303e-17
4.3102e-12         6.12303e-17
4.4102e-12         6.12303e-17
4.5102e-12         6.12303e-17
4.6102e-12         6.12303e-17
4.7102e-12         6.12303e-17
4.8102e-12         6.12303e-17
4.9102e-12         6.12303e-17
5.0102e-12         6.12303e-17
5.1102e-12         6.12303e-17
5.2102e-12         6.12303e-17
5.3102e-12         6.12303e-17
5.4102e-12         6.12303e-17
5.5102e-12         6.12303e-17
5.6102e-12         6.12303e-17
5.7102e-12         6.12303e-17
5.8102e-12         6.12303e-17
5.9102e-12         6.12303e-17
6.0102e-12         6.12303e-17
6.1102e-12         6.12303e-17
6.2102e-12         6.12303e-17
6.3102e-12         6.12303e-17
6.4102e-12         6.12303e-17
6.5102e-12         6.12303e-17
6.6102e-12         6.12303e-17
6.7102e-12         6.12303e-17
6.8102e-12         6.12303e-17
6.9102e-12         6.12303e-17
7.0102e-12         6.12303e-17
7.1102e-12         6.12303e-17
7.2102e-12         6.12303e-17
7.3102e-12         6.12303e-17
7.4102e-12         6.12303e-17
7.5102e-12         6.12303e-17
7.6102e-12         6.12303e-17
7.7102e-12         6.12303e-17
7.8102e-12         6.12303e-17
7.9102e-12         6.12303e-17
8.0102e-12         6.12303e-17
8.1102e-12         6.12303e-17
8.2102e-12         6.12303e-17
8.3102e-12         6.12303e-17
8.4102e-12         6.12303e-17
8.5102e-12         6.12303e-17
8.6102e-12         6.12303e-17
8.7102e-12         6.12303e-17
8.8102e-12         6.12303e-17
8.9102e-12         6.12303e-17
9.0102e-12         6.12303e-17
9.1102e-12         6.12303e-17
9.2102e-12         6.12303e-17
9.3102e-12         6.12303e-17
9.4102e-12         6.12303e-17
9.5102e-12         6.12303e-17
9.6102e-12         6.12303e-17
9.7102e-12         6.12303e-17
9.8102e-12         6.12303e-17
9.9102e-12         6.12303e-17
1.00102e-11         6.12303e-17
1.01102e-11         6.12303e-17
1.02102e-11         6.12303e-17
1.03102e-11         6.12303e-17
1.04102e-11         6.12303e-17
1.05102e-11         6.12303e-17
1.06102e-11         6.12303e-17
1.07102e-11         6.12303e-17
1.08102e-11         6.12303e-17
1.09102e-11         6.12303e-17
1.10102e-11         6.12303e-17
1.11102e-11         6.12303e-17
1.21102e-11         6.12303e-17
1.31102e-11         6.12303e-17
1.41102e-11         6.12303e-17
1.51102e-11         6.12303e-17
1.61102e-11         6.12303e-17
1.71102e-11         6.12303e-17
1.81102e-11         6.12303e-17
1.91102e-11         6.12303e-17
2.01102e-11         6.12303e-17
2.11102e-11         6.12303e-17
2.21102e-11         6.12303e-17
2.31102e-11         6.12303e-17
2.41102e-11         6.12303e-17
2.51102e-11         6.12303e-17
2.61102e-11         6.12303e-17
2.71102e-11         6.12303e-17
2.81102e-11         6.12303e-17
2.91102e-11         6.12303e-17
3.01102e-11         6.12303e-17
3.11102e-11         6.12303e-17
3.21102e-11         6.12303e-17
3.31102e-11         6.12303e-17
3.41102e-11         6.12303e-17
3.51102e-11         6.12303e-17
3.61102e-11         6.12303e-17
3.71102e-11         6.12303e-17
3.81102e-11         6.12303e-17
3.91102e-11         6.12303e-17
4.01102e-11         6.12303e-17
4.11102e-11         6.12303e-17
4.21102e-11         6.12303e-17
4.31102e-11         6.12303e-17
4.41102e-11         6.12303e-17
4.51102e-11         6.12303e-17
4.61102e-11         6.12303e-17
4.71102e-11         6.12303e-17
4.81102e-11         6.12303e-17
4.91102e-11         6.12303e-17
5.01102e-11         6.12303e-17
5.11102e-11         6.12303e-17
5.21102e-11         6.12303e-17
5.31102e-11         6.12303e-17
5.41102e-11         6.12303e-17
5.51102e-11         6.12303e-17
5.61102e-11         6.12303e-17
5.71102e-11         6.12303e-17
5.81102e-11         6.12303e-17
5.91102e-11         6.12303e-17
6.01102e-11         6.12303e-17
6.11102e-11         6.12303e-17
6.21102e-11         6.12303e-17
6.31102e-11         6.12303e-17
6.41102e-11         6.12303e-17
6.51102e-11         6.12303e-17
6.61102e-11         6.12303e-17
6.71102e-11         6.12303e-17
6.81102e-11         6.12303e-17
6.91102e-11         6.12303e-17
7.01102e-11         6.12303e-17
7.11102e-11         6.12303e-17
7.21102e-11         6.12303e-17
7.31102e-11         6.12303e-17
7.41102e-11         6.12303e-17
7.51102e-11         6.12303e-17
7.61102e-11         6.12303e-17
7.71102e-11         6.12303e-17
7.81102e-11         6.12303e-17
7.91102e-11         6.12303e-17
8.01102e-11         6.12303e-17
8.11102e-11         6.12303e-17
8.21102e-11         6.12303e-17
8.31102e-11         6.12303e-17
8.41102e-11         6.12303e-17
8.51102e-11         6.12303e-17
8.61102e-11         6.12303e-17
8.71102e-11         6.12303e-17
8.81102e-11         6.12303e-17
8.91102e-11         6.12303e-17
9.01102e-11         6.12303e-17
9.11102e-11         6.12303e-17
9.21102e-11         6.12303e-17
9.31102e-11         6.12303e-17
9.41102e-11         6.12303e-17
9.51102e-11         6.12303e-17
9.61102e-11         6.12303e-17
9.71102e-11         6.12303e-17
9.81102e-11         6.12303e-17
9.91102e-11         6.12303e-17
1.0011e-10         6.12303e-17
1.0111e-10         6.12303e-17
1.0211e-10         6.12303e-17
1.0311e-10         6.12303e-17
1.0411e-10         6.12303e-17
1.0511e-10         6.12303e-17
1.0611e-10         6.12303e-17
1.0711e-10         6.12303e-17
1.0811e-10         6.12303e-17
1.0911e-10         6.12303e-17
1.1011e-10         6.12303e-17
1.1111e-10         6.12303e-17
1.2111e-10         6.12303e-17
1.3111e-10         6.12303e-17
1.4111e-10         6.12303e-17
1.5111e-10         6.12303e-17
1.6111e-10         6.12303e-17
1.7111e-10         6.12303e-17
1.8111e-10         6.12303e-17
1.9111e-10         6.12303e-17
2.0111e-10         6.12303e-17
2.1111e-10         6.12303e-17
2.2111e-10         6.12303e-17
2.3111e-10         6.12303e-17
2.4111e-10         6.12303e-17
2.5111e-10         6.12303e-17
2.6111e-10         6.12303e-17
2.7111e-10         6.12303e-17
2.8111e-10         6.12303e-17
2.9111e-10         6.12303e-17
3.0111e-10         6.12303e-17
3.1111e-10         6.12303e-17
3.2111e-10         6.12303e-17
3.3111e-10         6.12303e-17
3.4111e-10         6.12303e-17
3.5111e-10         6.12303e-17
3.6111e-10         6.12303e-17
3.7111e-10         6.12303e-17
3.8111e-10         6.12303e-17
3.9111e-10         6.12303e-17
4.0111e-10         6.12303e-17
4.1111e-10         6.12303e-17
4.2111e-10         6.12303e-17
4.3111e-10         6.12303e-17
4.4111e-10         6.12303e-17
4.5111e-10         6.12303e-17
4.6111e-10         6.12303e-17
4.7111e-10         6.12303e-17
4.8111e-10         6.12303e-17
4.9111e-10         6.12303e-17
5.0111e-10         6.12303e-17
5.1111e-10         6.12303e-17
5.2111e-10         6.12303e-17
5.3111e-10         6.12303e-17
5.4111e-10         6.12303e-17
5.5111e-10         6.12303e-17
5.6111e-10         6.12303e-17
5.7111e-10         6.12303e-17
5.8111e-10         6.12303e-17
5.9111e-10         6.12303e-17
6.0111e-10         6.12303e-17
6.1111e-10         6.12303e-17
6.2111e-10         6.12303e-17
6.3111e-10         6.12303e-17
6.4111e-10         6.12303e-17
6.5111e-10         6.12303e-17
6.6111e-10         6.12303e-17
6.7111e-10         6.12303e-17
6.8111e-10         6.12303e-17
6.9111e-10         6.12303e-17
7.0111e-10         6.12303e-17
7.1111e-10         6.12303e-17
7.2111e-10         6.12303e-17
7.3111e-10         6.12303e-17
7.4111e-10         6.12303e-17
7.5111e-10         6.12303e-17
7.6111e-10         6.12303e-17
7.7111e-10         6.12303e-17
7.8111e-10         6.12303e-17
7.9111e-10         6.12303e-17
8.0111e-10         6.12303e-17
8.1111e-10         6.12303e-17
8.2111e-10         6.12303e-17
8.3111e-10         6.12303e-17
8.4111e-10         6.12303e-17
8.5111e-10         6.12303e-17
8.6111e-10         6.12303e-17
8.7111e-10         6.12303e-17
8.8111e-10         6.12303e-17
8.9111e-10         6.12303e-17
9.0111e-10         6.12303e-17
9.1111e-10         6.12303e-17
9.2111e-10         6.12303e-17
9.3111e-10         6.12303e-17
9.4111e-10         6.12303e-17
9.5111e-10         6.12303e-17
9.6111e-10         6.12303e-17
9.7111e-10         6.12303e-17
9.8111e-10         6.12303e-17
9.9111e-10         6.12303e-17
1.00111e-09         6.12303e-17
1.01111e-09         6.12303e-17
1.02111e-09         6.12303e-17
1.03111e-09         6.12303e-17
1.04111e-09         6.12303e-17
1.05111e-09         6.12303e-17
1.06111e-09         6.12303e-17
1.07111e-09         6.12303e-17
1.08111e-09         6.12303e-17
1.09111e-09         6.12303e-17
1.10111e-09         6.12303e-17
1.11111e-09         6.12303e-17
1.21111e-09         6.12303e-17
1.31111e-09         6.12303e-17
1.41111e-09         6.12303e-17
1.51111e-09         6.12303e-17
1.61111e-09         6.12303e-17
1.71111e-09         6.12303e-17
1.81111e-09         6.12303e-17
1.91111e-09         6.12303e-17
2.01111e-09         6.12303e-17
2.11111e-09         6.12303e-17
2.21111e-09         6.12303e-17
2.31111e-09         6.12303e-17
2.41111e-09         6.12303e-17
2.51111e-09         6.12303e-17
2.61111e-09         6.12303e-17
2.71111e-09         6.12303e-17
2.81111e-09         6.12303e-17
2.91111e-09         6.12303e-17
3.01111e-09         6.12303e-17
3.11111e-09         6.12303e-17
3.21111e-09         6.12303e-17
3.31111e-09         6.12303e-17
3.41111e-09         6.12303e-17
3.51111e-09         6.12303e-17
3.61111e-09         6.12303e-17
3.71111e-09         6.12303e-17
3.81111e-09         6.12303e-17
3.91111e-09         6.12303e-17
4.01111e-09         6.12303e-17
4.11111e-09         6.12303e-17
4.21111e-09         6.12303e-17
4.31111e-09         6.12303e-17
4.41111e-09         6.12303e-17
4.51111e-09         6.12303e-17
4.61111e-09         6.12303e-17
4.71111e-09         6.12303e-17
4.81111e-09         6.12303e-17
4.91111e-09         6.12303e-17
5.01111e-09         6.12303e-17
5.11111e-09         6.12303e-17
5.21111e-09         6.12303e-17
5.31111e-09         6.12303e-17
5.41111e-09         6.12303e-17
5.51111e-09         6.12303e-17
5.61111e-09         6.12303e-17
5.71111e-09         6.12303e-17
5.81111e-09         6.12303e-17
5.91111e-09         6.12303e-17
6.01111e-09         6.12303e-17
6.11111e-09         6.12303e-17
6.21111e-09         6.12303e-17
6.31111e-09         6.12303e-17
6.41111e-09         6.12303e-17
6.51111e-09         6.12303e-17
6.61111e-09         6.12303e-17
6.71111e-09         6.12303e-17
6.81111e-09         6.12303e-17
6.91111e-09         6.12303e-17
7.01111e-09         6.12303e-17
7.11111e-09         6.12303e-17
7.21111e-09         6.12303e-17
7.31111e-09         6.12303e-17
7.41111e-09         6.12303e-17
7.51111e-09         6.12303e-17
7.61111e-09         6.12303e-17
7.71111e-09         6.12303e-17
7.81111e-09         6.12303e-17
7.91111e-09         6.12303e-17
8.01111e-09         6.12303e-17
8.11111e-09         6.12303e-17
8.21111e-09         6.12303e-17
8.31111e-09         6.12303e-17
8.41111e-09         6.12303e-17
8.51111e-09         6.12303e-17
8.61111e-09         6.12303e-17
8.71111e-09         6.12303e-17
8.81111e-09         6.12303e-17
8.91111e-09         6.12303e-17
9.01111e-09         6.12303e-17
9.11111e-09         6.12303e-17
9.21111e-09         6.12303e-17
9.31111e-09         6.12303e-17
9.41111e-09         6.12303e-17
9.51111e-09         6.12303e-17
9.61111e-09         6.12303e-17
9.71111e-09         6.12303e-17
9.81111e-09         6.12303e-17
9.91111e-09         6.12303e-17
1.00111e-08         6.12303e-17
1.01111e-08         6.12303e-17
1.02111e-08         6.12303e-17
1.03111e-08         6.12303e-17
1.04111e-08         6.12303e-17
1.05111e-08         6.12303e-17
1.06111e-08         1.04628e-08
1.07111e-08         1.03652e-08
1.08111e-08         1.02693e-08
1.09111e-08         1.01752e-08
1.10111e-08         1.00828e-08
1.11111e-08         9.99201e-09
1.21111e-08         9.16698e-09
1.31111e-08         8.4678e-09
1.41111e-08         7.86772e-09
1.51111e-08         7.34706e-09
1.61111e-08         6.89104e-09
1.71111e-08         6.48832e-09
1.81111e-08         6.13007e-09
1.91111e-08         1.16186e-08
2.01111e-08         1.10409e-08
2.11111e-08         1.05179e-08
2.21111e-08         1.00422e-08
2.31111e-08         9.6077e-09
2.41111e-08         1.38138e-08
2.51111e-08         1.32637e-08
2.61111e-08         1.27558e-08
2.71111e-08         1.22853e-08
2.81111e-08         1.57976e-08
2.91111e-08         1.5255e-08
3.01111e-08         1.47484e-08
3.11111e-08         1.42743e-08
3.21111e-08         1.72872e-08
3.31111e-08         1.67651e-08
3.41111e-08         1.62736e-08
3.51111e-08         1.89722e-08
3.61111e-08         1.84468e-08
3.71111e-08         1.79497e-08
3.81111e-08         2.03919e-08
3.91111e-08         1.98705e-08
4.01111e-08         1.93751e-08
4.11111e-08         2.16043e-08
4.21111e-08         2.10913e-08
4.31111e-08         2.06021e-08
4.41111e-08         2.26519e-08
4.51111e-08         2.21498e-08
4.61111e-08         2.40771e-08
4.71111e-08         2.35661e-08
4.81111e-08         2.30762e-08
4.91111e-08         2.4867e-08
5.01111e-08         2.43707e-08
5.11111e-08         2.60661e-08
5.21111e-08         2.55659e-08
5.31111e-08         2.71749e-08
5.41111e-08         2.66727e-08
5.51111e-08         2.82032e-08
5.61111e-08         2.77006e-08
5.71111e-08         2.91596e-08
5.81111e-08         2.86578e-08
5.91111e-08         3.00512e-08
6.01111e-08         2.95512e-08
6.11111e-08         3.08844e-08
6.21111e-08         3.03871e-08
6.31111e-08         3.16648e-08
6.41111e-08         3.29026e-08
6.51111e-08         3.23973e-08
6.61111e-08         3.35866e-08
6.71111e-08         3.30861e-08
6.81111e-08         3.42304e-08
6.91111e-08         3.53415e-08
7.01111e-08         3.48374e-08
7.11111e-08         3.59088e-08
7.21111e-08         3.54108e-08
7.31111e-08         3.6445e-08
7.41111e-08         3.74513e-08
7.51111e-08         3.69527e-08
7.61111e-08         3.79259e-08
7.71111e-08         3.88738e-08
7.81111e-08         3.83761e-08
7.91111e-08         3.92944e-08
8.01111e-08         4.01898e-08
8.11111e-08         4.1063e-08
8.21111e-08         4.0563e-08
8.31111e-08         4.14107e-08
8.41111e-08         4.22383e-08
8.51111e-08         4.30465e-08
8.61111e-08         4.25466e-08
8.71111e-08         4.33327e-08
8.81111e-08         4.41009e-08
8.91111e-08         4.48519e-08
9.01111e-08         4.55862e-08
9.11111e-08         4.50859e-08
9.21111e-08         4.58017e-08
9.31111e-08         4.65022e-08
9.41111e-08         4.71878e-08
9.51111e-08         4.78589e-08
9.61111e-08         4.85161e-08
9.71111e-08         4.80165e-08
9.81111e-08         4.86587e-08
9.91111e-08         4.92879e-08
1.00111e-07         4.99046e-08
1.01111e-07         5.0509e-08
1.02111e-07         5.11017e-08
1.03111e-07         5.16828e-08
1.04111e-07         5.22528e-08
1.05111e-07         5.28119e-08
1.06111e-07         5.33605e-08
1.07111e-07         5.38988e-08
1.08111e-07         5.44272e-08
1.09111e-07         5.49459e-08
1.10111e-07         5.54551e-08
1.11111e-07         5.59552e-08
1.21111e-07         6.05021e-08
1.31111e-07         6.52021e-08
1.41111e-07         7.08095e-08
1.51111e-07         7.56748e-08
1.61111e-07         8.06252e-08
1.71111e-07         8.56458e-08
1.81111e-07         9.0725e-08
1.91111e-07         9.52726e-08
2.01111e-07         1.00472e-07
2.11111e-07         1.05705e-07
2.21111e-07         1.10464e-07
2.31111e-07         1.15773e-07
2.41111e-07         1.20641e-07
2.51111e-07         1.25563e-07
2.61111e-07         1.30534e-07
2.71111e-07         1.35547e-07
2.81111e-07         1.40599e-07
2.91111e-07         1.45685e-07
3.01111e-07         1.50433e-07
3.11111e-07         1.5559e-07
3.21111e-07         1.60425e-07
3.31111e-07         1.65639e-07
3.41111e-07         1.70548e-07
3.51111e-07         1.75493e-07
3.61111e-07         1.80471e-07
3.71111e-07         1.8548e-07
3.81111e-07         1.90518e-07
3.91111e-07         1.95582e-07
4.01111e-07         2.00671e-07
4.11111e-07         2.05511e-07
4.21111e-07         2.10649e-07
4.31111e-07         2.15549e-07
4.41111e-07         2.20479e-07
4.51111e-07         2.25435e-07
4.61111e-07         2.30659e-07
4.71111e-07         2.35661e-07
4.81111e-07         2.40454e-07
4.91111e-07         2.45505e-07
5.01111e-07         2.50576e-07
5.11111e-07         2.55448e-07
5.21111e-07         2.60559e-07
5.31111e-07         2.65478e-07
5.41111e-07         2.70625e-07
5.51111e-07         2.75586e-07
5.61111e-07         2.80568e-07
5.71111e-07         2.85569e-07
5.81111e-07         2.9059e-07
5.91111e-07         2.95628e-07
6.01111e-07         3.00499e-07
6.11111e-07         3.05574e-07
6.21111e-07         3.10485e-07
6.31111e-07         3.15593e-07
6.41111e-07         3.20541e-07
6.51111e-07         3.25508e-07
6.61111e-07         3.30492e-07
6.71111e-07         3.35493e-07
6.81111e-07         3.40511e-07
6.91111e-07         3.45544e-07
7.01111e-07         3.50591e-07
7.11111e-07         3.55497e-07
7.21111e-07         3.60574e-07
7.31111e-07         3.65513e-07
7.41111e-07         3.70618e-07
7.51111e-07         3.75587e-07
7.61111e-07         3.80571e-07
7.71111e-07         3.85571e-07
7.81111e-07         3.90584e-07
7.91111e-07         3.95611e-07
8.01111e-07         4.00512e-07
8.11111e-07         4.05566e-07
8.21111e-07         4.10497e-07
8.31111e-07         4.15577e-07
8.41111e-07         4.20535e-07
8.51111e-07         4.25508e-07
8.61111e-07         4.30494e-07
8.71111e-07         4.35493e-07
8.81111e-07         4.40505e-07
8.91111e-07         4.45529e-07
9.01111e-07         4.50564e-07
9.11111e-07         4.55611e-07
9.21111e-07         4.60548e-07
9.31111e-07         4.65499e-07
9.41111e-07         4.7058e-07
9.51111e-07         4.75554e-07
9.61111e-07         4.8054e-07
9.71111e-07         4.85538e-07
9.81111e-07         4.90548e-07
9.91111e-07         4.95568e-07
1.00111e-06         5.00598e-07
1.01111e-06         5.0553e-07
1.02111e-06         5.10582e-07
1.03111e-06         5.15536e-07
1.04111e-06         5.20608e-07
1.05111e-06         5.25584e-07
1.06111e-06         5.3057e-07
1.07111e-06         5.35567e-07
1.08111e-06         5.40575e-07
1.09111e-06         5.45592e-07
1.10111e-06         5.50518e-07
1.11111e-06         5.55556e-07
1.21111e-06         6.05571e-07
1.31111e-06         6.55577e-07
1.41111e-06         7.05577e-07
1.51111e-06         7.55572e-07
1.61111e-06         8.05563e-07
1.71111e-06         8.55549e-07
1.81111e-06         9.05533e-07
1.91111e-06         9.55573e-07
2.01111e-06         1.00555e-06
2.11111e-06         1.05558e-06
2.21111e-06         1.10555e-06
2.31111e-06         1.15557e-06
2.41111e-06         1.20553e-06
2.51111e-06         1.25554e-06
2.61111e-06         1.30555e-06
2.71111e-06         1.35556e-06
2.81111e-06         1.40556e-06
2.91111e-06         1.45555e-06
3.01111e-06         1.50555e-06
3.11111e-06         1.55554e-06
3.21111e-06         1.60557e-06
3.31111e-06         1.65555e-06
3.41111e-06         1.70554e-06
3.51111e-06         1.75556e-06
3.61111e-06         1.80554e-06
3.71111e-06         1.85555e-06
3.81111e-06         1.90556e-06
3.91111e-06         1.95557e-06
4.01111e-06         2.00554e-06
4.11111e-06         2.05554e-06
4.21111e-06         2.10555e-06
4.31111e-06         2.15554e-06
4.41111e-06         2.20557e-06
4.51111e-06         2.25556e-06
4.61111e-06         2.30555e-06
4.71111e-06         2.35555e-06
4.81111e-06         2.40556e-06
4.91111e-06         2.45555e-06
5.01111e-06         2.50556e-06
5.11111e-06         2.55556e-06
5.21111e-06         2.60555e-06
5.31111e-06         2.65555e-06
5.41111e-06         2.70556e-06
5.51111e-06         2.75556e-06
5.61111e-06         2.80556e-06
5.71111e-06         2.85556e-06
5.81111e-06         2.90555e-06
5.91111e-06         2.95555e-06
6.01111e-06         3.00556e-06
6.11111e-06         3.05556e-06
6.21111e-06         3.10555e-06
6.31111e-06         3.15556e-06
6.41111e-06         3.20556e-06
6.51111e-06         3.25555e-06
6.61111e-06         3.30556e-06
6.71111e-06         3.35556e-06
6.81111e-06         3.40556e-06
6.91111e-06         3.45555e-06
7.01111e-06         3.50555e-06
7.11111e-06         3.55556e-06
7.21111e-06         3.60556e-06
7.31111e-06         3.65556e-06
7.41111e-06         3.70555e-06
7.51111e-06         3.75556e-06
7.61111e-06         3.80555e-06
7.71111e-06         3.85556e-06
7.81111e-06         3.90555e-06
7.91111e-06         3.95556e-06
8.01111e-06         4.00556e-06
8.11111e-06         4.05555e-06
8.21111e-06         4.10555e-06
8.31111e-06         4.15555e-06
8.41111e-06         4.20555e-06
8.51111e-06         4.25555e-06
8.61111e-06         4.30555e-06
8.71111e-06         4.35556e-06
8.81111e-06         4.40556e-06
8.91111e-06         4.45555e-06
9.01111e-06         4.50556e-06
9.11111e-06         4.55555e-06
9.21111e-06         4.60556e-06
9.31111e-06         4.65556e-06
9.41111e-06         4.70555e-06
9.51111e-06         4.75555e-06
9.61111e-06         4.80555e-06
9.71111e-06         4.85556e-06
9.81111e-06         4.90556e-06
9.91111e-06         4.95555e-06
1.00111e-05         5.00555e-06
1.01111e-05         5.05556e-06
1.02111e-05         5.10556e-06
1.03111e-05         5.15555e-06
1.04111e-05         5.20556e-06
1.05111e-05         5.25555e-06
1.06111e-05         5.30556e-06
1.07111e-05         5.35556e-06
1.08111e-05         5.40555e-06
1.09111e-05         5.45555e-06
1.10111e-05         5.50556e-06
1.11111e-05         5.55556e-06
1.21111e-05         6.05556e-06
1.31111e-05         6.55555e-06
1.41111e-05         7.05555e-06
1.51111e-05         7.55556e-06
1.61111e-05         8.05556e-06
1.71111e-05         8.55555e-06
1.81111e-05         9.05555e-06
1.91111e-05         9.55555e-06
2.01111e-05         1.00556e-05
2.11111e-05         1.05556e-05
2.21111e-05         1.10556e-05
2.31111e-05         1.15556e-05
2.41111e-05         1.20556e-05
2.51111e-05         1.25556e-05
2.61111e-05         1.30556e-05
2.71111e-05         1.35556e-05
2.81111e-05         1.40556e-05
2.91111e-05         1.45556e-05
3.01111e-05         1.50556e-05
3.11111e-05         1.55556e-05
3.21111e-05         1.60556e-05
3.31111e-05         1.65556e-05
3.41111e-05         1.70556e-05
3.51111e-05         1.75556e-05
3.61111e-05         1.80556e-05
3.71111e-05         1.85556e-05
3.81111e-05         1.90556e-05
3.91111e-05         1.95556e-05
4.01111e-05         2.00556e-05
4.11111e-05         2.05556e-05
4.21111e-05         2.10556e-05
4.31111e-05         2.15556e-05
4.41111e-05         2.20556e-05
4.51111e-05         2.25556e-05
4.61111e-05         2.30556e-05
4.71111e-05         2.35556e-05
4.81111e-05         2.40556e-05
4.91111e-05         2.45556e-05
5.01111e-05         2.50556e-05
5.11111e-05         2.55556e-05
5.21111e-05         2.60556e-05
5.31111e-05         2.65556e-05
5.41111e-05         2.70556e-05
5.51111e-05         2.75556e-05
5.61111e-05         2.80556e-05
5.71111e-05         2.85556e-05
5.81111e-05         2.90556e-05
5.91111e-05         2.95556e-05
6.01111e-05         3.00556e-05
6.11111e-05         3.05556e-05
6.21111e-05         3.10556e-05
6.31111e-05         3.15556e-05
6.41111e-05         3.20556e-05
6.51111e-05         3.25556e-05
6.61111e-05         3.30556e-05
6.71111e-05         3.35556e-05
6.81111e-05         3.40556e-05
6.91111e-05         3.45556e-05
7.01111e-05         3.50556e-05
7.11111e-05         3.55556e-05
7.21111e-05         3.60556e-05
7.31111e-05         3.65556e-05
7.41111e-05         3.70556e-05
7.51111e-05         3.75556e-05
7.61111e-05         3.80556e-05
7.71111e-05         3.85556e-05
7.81111e-05         3.90556e-05
7.91111e-05         3.95556e-05
8.01111e-05         4.00556e-05
8.11111e-05         4.05556e-05
8.21111e-05         4.10556e-05
8.31111e-05         4.15556e-05
8.41111e-05         4.20556e-05
8.51111e-05         4.25556e-05
8.61111e-05         4.30556e-05
8.71111e-05         4.35556e-05
8.81111e-05         4.40556e-05
8.91111e-05         4.45556e-05
9.01111e-05         4.50556e-05
9.11111e-05         4.55556e-05
9.21111e-05         4.60556e-05
9.31111e-05         4.65556e-05
9.41111e-05         4.70556e-05
9.51111e-05         4.75556e-05
9.61111e-05         4.80556e-05
9.71111e-05         4.85556e-05
9.81111e-05         4.90556e-05
9.91111e-05         4.95556e-05
0.000100111         5.00556e-05
0.000101111         5.05556e-05
0.000102111         5.10556e-05
0.000103111         5.15556e-05
0.000104111         5.20556e-05
0.000105111         5.25556e-05
0.000106111         5.30556e-05
0.000107111         5.35556e-05
0.000108111         5.40556e-05
0.000109111         5.45556e-05
0.000110111         5.50556e-05
0.000111111         5.55556e-05
0.000121111         6.05556e-05
0.000131111         6.55556e-05
0.000141111         7.05556e-05
0.000151111         7.55556e-05
0.000161111         8.05556e-05
0.000171111         8.55556e-05
0.000181111         9.05556e-05
0.000191111         9.55556e-05
0.000201111         0.000100556
0.000211111         0.000105556
0.000221111         0.000110556
0.000231111         0.000115556
0.000241111         0.000120556
0.000251111         0.000125556
0.000261111         0.000130556
0.000271111         0.000135556
0.000281111         0.000140556
0.000291111         0.000145556
0.000301111         0.000150556
0.000311111         0.000155556
0.000321111         0.000160556
0.000331111         0.000165556
0.000341111         0.000170556
0.000351111         0.000175556
0.000361111         0.000180556
0.000371111         0.000185556
0.000381111         0.000190556
0.000391111         0.000195556
0.000401111         0.000200556
0.000411111         0.000205556
0.000421111         0.000210556
0.000431111         0.000215556
0.000441111         0.000220556
0.000451111         0.000225556
0.000461111         0.000230556
0.000471111         0.000235556
0.000481111         0.000240556
0.000491111         0.000245556
0.000501111         0.000250556
0.000511111         0.000255556
0.000521111         0.000260556
0.000531111         0.000265556
0.000541111         0.000270556
0.000551111         0.000275556
0.000561111         0.000280556
0.000571111         0.000285556
0.000581111         0.000290556
0.000591111         0.000295556
0.000601111         0.000300556
0.000611111         0.000305556
0.000621111         0.000310556
0.000631111         0.000315556
0.000641111         0.000320556
0.000651111         0.000325556
0.000661111         0.000330556
0.000671111         0.000335556
0.000681111         0.000340556
0.000691111         0.000345556
0.000701111         0.000350556
0.000711111         0.000355556
0.000721111         0.000360556
0.000731111         0.000365556
0.000741111         0.000370556
0.000751111         0.000375556
0.000761111         0.000380556
0.000771111         0.000385556
0.000781111         0.000390556
0.000791111         0.000395556
0.000801111         0.000400556
0.000811111         0.000405556
0.000821111         0.000410556
0.000831111         0.000415556
0.000841111         0.000420556
0.000851111         0.000425556
0.000861111         0.000430556
0.000871111         0.000435556
0.000881111         0.000440556
0.000891111         0.000445556
0.000901111         0.000450556
0.000911111         0.000455556
0.000921111         0.000460556
0.000931111         0.000465556
0.000941111         0.000470556
0.000951111         0.000475556
0.000961111         0.000480556
0.000971111         0.000485556
0.000981111         0.000490556
0.000991111         0.000495556
0.00100111         0.000500556
0.00101111         0.000505556
0.00102111         0.000510556
0.00103111         0.000515556
0.00104111         0.000520556
0.00105111         0.000525556
0.00106111         0.000530556
0.00107111         0.000535556
0.00108111         0.000540556
0.00109111         0.000545556
0.00110111         0.000550555
0.00111111         0.000555555
0.00121111         0.000605555
0.00131111         0.000655555
0.00141111         0.000705555
0.00151111         0.000755555
0.00161111         0.000805555
0.00171111         0.000855555
0.00181111         0.000905555
0.00191111         0.000955555
0.00201111         0.00100556
0.00211111         0.00105556
0.00221111         0.00110556
0.00231111         0.00115556
0.00241111         0.00120555
0.00251111         0.00125555
0.00261111         0.00130555
0.00271111         0.00135555
0.00281111         0.00140555
0.00291111         0.00145555
0.00301111         0.00150555
0.00311111         0.00155555
0.00321111         0.00160555
0.00331111         0.00165555
0.00341111         0.00170555
0.00351111         0.00175555
0.00361111         0.00180555
0.00371111         0.00185555
0.00381111         0.00190555
0.00391111         0.00195555
0.00401111         0.00200555
0.00411111         0.00205555
0.00421111         0.00210555
0.00431111         0.00215555
0.00441111         0.00220555
0.00451111         0.00225555
0.00461111         0.00230555
0.00471111         0.00235555
0.00481111         0.00240555
0.00491111         0.00245555
0.00501111         0.00250555
0.00511111         0.00255555
0.00521111         0.00260555
0.00531111         0.00265555
0.00541111         0.00270555
0.00551111         0.00275555
0.00561111         0.00280555
0.00571111         0.00285555
0.00581111         0.00290555
0.00591111         0.00295555
0.00601111         0.00300555
0.00611111         0.00305555
0.00621111         0.00310555
0.00631111         0.00315555
0.00641111         0.00320554
0.00651111         0.00325554
0.00661111         0.00330554
0.00671111         0.00335554
0.00681111         0.00340554
0.00691111         0.00345554
0.00701111         0.00350554
0.00711111         0.00355554
0.00721111         0.00360554
0.00731111         0.00365554
0.00741111         0.00370554
0.00751111         0.00375554
0.00761111         0.00380554
0.00771111         0.00385554
0.00781111         0.00390554
0.00791111         0.00395553
0.00801111         0.00400553
0.00811111         0.00405553
0.00821111         0.00410553
0.00831111         0.00415553
0.00841111         0.00420553
0.00851111         0.00425553
0.00861111         0.00430553
0.00871111         0.00435553
0.00881111         0.00440553
0.00891111         0.00445553
0.00901111         0.00450553
0.00911111         0.00455552
0.00921111         0.00460552
0.00931111         0.00465552
0.00941111         0.00470552
0.00951111         0.00475552
0.00961111         0.00480552
0.00971111         0.00485552
0.00981111         0.00490552
0.00991111         0.00495551
0.0100111         0.00500551
0.0101111         0.00505551
0.0102111         0.00510551
0.0103111         0.00515551
0.0104111         0.00520551
0.0105111         0.00525551
0.0106111         0.00530551
0.0107111         0.0053555
0.0108111         0.0054055
0.0109111         0.0054555
0.0110111         0.0055055
0.0111111         0.0055555
0.0121111         0.00605548
0.0131111         0.00655546
0.0141111         0.00705544
0.0151111         0.00755541
0.0161111         0.00805538
0.0171111         0.00855535
0.0181111         0.00905531
0.0191111         0.00955526
0.0201111         0.0100552
0.0211111         0.0105552
0.0221111         0.0110551
0.0231111         0.011555
0.0241111         0.012055
0.0251111         0.0125549
0.0261111         0.0130548
0.0271111         0.0135547
0.0281111         0.0140546
0.0291111         0.0145545
0.0301111         0.0150544
0.0311111         0.0155543
0.0321111         0.0160542
0.0331111         0.016554
0.0341111         0.0170539
0.0351111         0.0175538
0.0361111         0.0180536
0.0371111         0.0185534
0.0381111         0.0190532
0.0391111         0.0195531
0.0401111         0.0200529
0.0411111         0.0205527
0.0421111         0.0210524
0.0431111         0.0215522
0.0441111         0.022052
0.0451111         0.0225517
0.0461111         0.0230515
0.0471111         0.0235512
0.0481111         0.0240509
0.0491111         0.0245506
0.0501111         0.0250503
0.0511111         0.02555
0.0521111         0.0260497
0.0531111         0.0265493
0.0541111         0.027049
0.0551111         0.0275486
0.0561111         0.0280482
0.0571111         0.0285478
0.0581111         0.0290474
0.0591111         0.029547
0.0601111         0.0300465
0.0611111         0.030546
0.0621111         0.0310456
0.0631111         0.0315451
0.0641111         0.0320446
0.0651111         0.0325441
0.0661111         0.0330435
0.0671111         0.033543
0.0681111         0.0340424
0.0691111         0.0345418
0.0701111         0.0350412
0.0711111         0.0355406
0.0721111         0.0360399
0.0731111         0.0365393
0.0741111         0.0370386
0.0751111         0.0375379
0.0761111         0.0380372
0.0771111         0.0385365
0.0781111         0.0390357
0.0791111         0.0395349
0.0801111         0.0400341
0.0811111         0.0405333
0.0821111         0.0410325
0.0831111         0.0415316
0.0841111         0.0420308
0.0851111         0.0425299
0.0861111         0.043029
0.0871111         0.043528
0.0881111         0.0440271
0.0891111         0.0445261
0.0901111         0.0450251
0.0911111         0.0455241
0.0921111         0.046023
0.0931111         0.0465219
0.0941111         0.0470208
0.0951111         0.0475197
0.0961111         0.0480186
0.0971111         0.0485174
0.0981111         0.0490162
0.0991111         0.049515
0.100111         0.0500138
0.101111         0.0505125
0.102111         0.0510112
0.103111         0.0515099
0.104111         0.0520086
0.105111         0.0525072
0.106111         0.0530058
0.107111         0.0535044
0.108111         0.0540029
0.109111         0.0545015
0.110111         0.055
0.111111         0.0554984
0.121111         0.0604816
0.131111         0.0654617
0.141111         0.0704386
0.151111         0.0754119
0.161111         0.0803815
0.171111         0.085347
0.181111         0.0903083
0.191111         0.0952651
0.201111         0.100217
0.211111         0.105164
0.221111         0.110106
0.231111         0.115042
0.241111         0.119973
0.251111         0.124897
0.261111         0.129815
0.271111         0.134727
0.281111         0.139632
0.291111         0.144531
0.301111         0.149421
0.311111         0.154305
0.321111         0.159181
0.331111         0.164049
0.341111         0.168908
0.351111         0.173759
0.361111         0.178602
0.371111         0.183436
0.381111         0.18826
0.391111         0.193075
0.401111         0.197881
0.411111         0.202677
0.421111         0.207462
0.431111         0.212238
0.441111         0.217002
0.451111         0.221756
0.461111         0.226499
0.471111         0.231231
0.481111         0.235951
0.491111         0.24066
0.501111         0.245356
0.511111         0.25004
0.521111         0.254712
0.531111         0.259372
0.541111         0.264018
0.551111         0.268651
0.561111         0.273271
0.571111         0.277878
0.581111         0.282471
0.591111         0.287049
0.601111         0.291614
0.611111         0.296164
0.621111         0.300699
0.631111         0.30522
0.641111         0.309725
0.651111         0.314215
0.661111         0.31869
0.671111         0.323149
0.681111         0.327592
0.691111         0.332019
0.701111         0.336429
0.711111         0.340823
0.721111         0.3452
0.731111         0.34956
0.741111         0.353903
0.751111         0.358228
0.761111         0.362536
0.771111         0.366826
0.781111         0.371097
0.791111         0.375351
0.801111         0.379586
0.811111         0.383803
0.821111         0.388001
0.831111         0.392179
0.841111         0.396339
0.851111         0.400479
0.861111         0.404599
0.871111         0.4087
0.881111         0.412781
0.891111         0.416841
0.901111         0.420881
0.911111         0.424901
0.921111         0.4289
0.931111         0.432878
0.941111         0.436834
0.951111         0.44077
0.961111         0.444684
0.971111         0.448576
0.981111         0.452447
0.991111         0.456295
1.00111         0.460122
