2e-16         6.12303e-17
3e-16         6.12303e-17
4e-16         6.12303e-17
5e-16         6.12303e-17
6e-16         6.12303e-17
7e-16         6.12303e-17
8e-16         6.12303e-17
9e-16         6.12303e-17
1e-15         6.12303e-17
1.1e-15         6.12303e-17
1.2e-15         6.12303e-17
1.3e-15         6.12303e-17
1.4e-15         6.12303e-17
1.5e-15         6.12303e-17
1.6e-15         6.12303e-17
1.7e-15         6.12303e-17
1.8e-15         6.12303e-17
1.9e-15         6.12303e-17
2e-15         6.12303e-17
2.1e-15         6.12303e-17
2.2e-15         6.12303e-17
2.3e-15         6.12303e-17
2.4e-15         6.12303e-17
2.5e-15         6.12303e-17
2.6e-15         6.12303e-17
2.7e-15         6.12303e-17
2.8e-15         6.12303e-17
2.9e-15         6.12303e-17
3e-15         6.12303e-17
3.1e-15         6.12303e-17
3.2e-15         6.12303e-17
3.3e-15         6.12303e-17
3.4e-15         6.12303e-17
3.5e-15         6.12303e-17
3.6e-15         6.12303e-17
3.7e-15         6.12303e-17
3.8e-15         6.12303e-17
3.9e-15         6.12303e-17
4e-15         6.12303e-17
4.1e-15         6.12303e-17
4.2e-15         6.12303e-17
4.3e-15         6.12303e-17
4.4e-15         6.12303e-17
4.5e-15         6.12303e-17
4.6e-15         6.12303e-17
4.7e-15         6.12303e-17
4.8e-15         6.12303e-17
4.9e-15         6.12303e-17
5e-15         6.12303e-17
5.1e-15         6.12303e-17
5.2e-15         6.12303e-17
5.3e-15         6.12303e-17
5.4e-15         6.12303e-17
5.5e-15         6.12303e-17
5.6e-15         6.12303e-17
5.7e-15         6.12303e-17
5.8e-15         6.12303e-17
5.9e-15         6.12303e-17
6e-15         6.12303e-17
6.1e-15         6.12303e-17
6.2e-15         6.12303e-17
6.3e-15         6.12303e-17
6.4e-15         6.12303e-17
6.5e-15         6.12303e-17
6.6e-15         6.12303e-17
6.7e-15         6.12303e-17
6.8e-15         6.12303e-17
6.9e-15         6.12303e-17
7e-15         6.12303e-17
7.1e-15         6.12303e-17
7.2e-15         6.12303e-17
7.3e-15         6.12303e-17
7.4e-15         6.12303e-17
7.5e-15         6.12303e-17
7.6e-15         6.12303e-17
7.7e-15         6.12303e-17
7.8e-15         6.12303e-17
7.9e-15         6.12303e-17
8e-15         6.12303e-17
8.1e-15         6.12303e-17
8.2e-15         6.12303e-17
8.3e-15         6.12303e-17
8.4e-15         6.12303e-17
8.5e-15         6.12303e-17
8.6e-15         6.12303e-17
8.7e-15         6.12303e-17
8.8e-15         6.12303e-17
8.9e-15         6.12303e-17
9e-15         6.12303e-17
9.1e-15         6.12303e-17
9.2e-15         6.12303e-17
9.3e-15         6.12303e-17
9.4e-15         6.12303e-17
9.5e-15         6.12303e-17
9.6e-15         6.12303e-17
9.7e-15         6.12303e-17
9.8e-15         6.12303e-17
9.9e-15         6.12303e-17
1e-14         6.12303e-17
1.01e-14         6.12303e-17
1.02e-14         6.12303e-17
1.12e-14         6.12303e-17
1.22e-14         6.12303e-17
1.32e-14         6.12303e-17
1.42e-14         6.12303e-17
1.52e-14         6.12303e-17
1.62e-14         6.12303e-17
1.72e-14         6.12303e-17
1.82e-14         6.12303e-17
1.92e-14         6.12303e-17
2.02e-14         6.12303e-17
2.12e-14         6.12303e-17
2.22e-14         6.12303e-17
2.32e-14         6.12303e-17
2.42e-14         6.12303e-17
2.52e-14         6.12303e-17
2.62e-14         6.12303e-17
2.72e-14         6.12303e-17
2.82e-14         6.12303e-17
2.92e-14         6.12303e-17
3.02e-14         6.12303e-17
3.12e-14         6.12303e-17
3.22e-14         6.12303e-17
3.32e-14         6.12303e-17
3.42e-14         6.12303e-17
3.52e-14         6.12303e-17
3.62e-14         6.12303e-17
3.72e-14         6.12303e-17
3.82e-14         6.12303e-17
3.92e-14         6.12303e-17
4.02e-14         6.12303e-17
4.12e-14         6.12303e-17
4.22e-14         6.12303e-17
4.32e-14         6.12303e-17
4.42e-14         6.12303e-17
4.52e-14         6.12303e-17
4.62e-14         6.12303e-17
4.72e-14         6.12303e-17
4.82e-14         6.12303e-17
4.92e-14         6.12303e-17
5.02e-14         6.12303e-17
5.12e-14         6.12303e-17
5.22e-14         6.12303e-17
5.32e-14         6.12303e-17
5.42e-14         6.12303e-17
5.52e-14         6.12303e-17
5.62e-14         6.12303e-17
5.72e-14         6.12303e-17
5.82e-14         6.12303e-17
5.92e-14         6.12303e-17
6.02e-14         6.12303e-17
6.12e-14         6.12303e-17
6.22e-14         6.12303e-17
6.32e-14         6.12303e-17
6.42e-14         6.12303e-17
6.52e-14         6.12303e-17
6.62e-14         6.12303e-17
6.72e-14         6.12303e-17
6.82e-14         6.12303e-17
6.92e-14         6.12303e-17
7.02e-14         6.12303e-17
7.12e-14         6.12303e-17
7.22e-14         6.12303e-17
7.32e-14         6.12303e-17
7.42e-14         6.12303e-17
7.52e-14         6.12303e-17
7.62e-14         6.12303e-17
7.72e-14         6.12303e-17
7.82e-14         6.12303e-17
7.92e-14         6.12303e-17
8.02e-14         6.12303e-17
8.12e-14         6.12303e-17
8.22e-14         6.12303e-17
8.32e-14         6.12303e-17
8.42e-14         6.12303e-17
8.52e-14         6.12303e-17
8.62e-14         6.12303e-17
8.72e-14         6.12303e-17
8.82e-14         6.12303e-17
8.92e-14         6.12303e-17
9.02e-14         6.12303e-17
9.12e-14         6.12303e-17
9.22e-14         6.12303e-17
9.32e-14         6.12303e-17
9.42e-14         6.12303e-17
9.52e-14         6.12303e-17
9.62e-14         6.12303e-17
9.72e-14         6.12303e-17
9.82e-14         6.12303e-17
9.92e-14         6.12303e-17
1.002e-13         6.12303e-17
1.012e-13         6.12303e-17
1.022e-13         6.12303e-17
1.032e-13         6.12303e-17
1.042e-13         6.12303e-17
1.052e-13         6.12303e-17
1.062e-13         6.12303e-17
1.072e-13         6.12303e-17
1.082e-13         6.12303e-17
1.092e-13         6.12303e-17
1.102e-13         6.12303e-17
1.202e-13         6.12303e-17
1.302e-13         6.12303e-17
1.402e-13         6.12303e-17
1.502e-13         6.12303e-17
1.602e-13         6.12303e-17
1.702e-13         6.12303e-17
1.802e-13         6.12303e-17
1.902e-13         6.12303e-17
2.002e-13         6.12303e-17
2.102e-13         6.12303e-17
2.202e-13         6.12303e-17
2.302e-13         6.12303e-17
2.402e-13         6.12303e-17
2.502e-13         6.12303e-17
2.602e-13         6.12303e-17
2.702e-13         6.12303e-17
2.802e-13         6.12303e-17
2.902e-13         6.12303e-17
3.002e-13         6.12303e-17
3.102e-13         6.12303e-17
3.202e-13         6.12303e-17
3.302e-13         6.12303e-17
3.402e-13         6.12303e-17
3.502e-13         6.12303e-17
3.602e-13         6.12303e-17
3.702e-13         6.12303e-17
3.802e-13         6.12303e-17
3.902e-13         6.12303e-17
4.002e-13         6.12303e-17
4.102e-13         6.12303e-17
4.202e-13         6.12303e-17
4.302e-13         6.12303e-17
4.402e-13         6.12303e-17
4.502e-13         6.12303e-17
4.602e-13         6.12303e-17
4.702e-13         6.12303e-17
4.802e-13         6.12303e-17
4.902e-13         6.12303e-17
5.002e-13         6.12303e-17
5.102e-13         6.12303e-17
5.202e-13         6.12303e-17
5.302e-13         6.12303e-17
5.402e-13         6.12303e-17
5.502e-13         6.12303e-17
5.602e-13         6.12303e-17
5.702e-13         6.12303e-17
5.802e-13         6.12303e-17
5.902e-13         6.12303e-17
6.002e-13         6.12303e-17
6.102e-13         6.12303e-17
6.202e-13         6.12303e-17
6.302e-13         6.12303e-17
6.402e-13         6.12303e-17
6.502e-13         6.12303e-17
6.602e-13         6.12303e-17
6.702e-13         6.12303e-17
6.802e-13         6.12303e-17
6.902e-13         6.12303e-17
7.002e-13         6.12303e-17
7.102e-13         6.12303e-17
7.202e-13         6.12303e-17
7.302e-13         6.12303e-17
7.402e-13         6.12303e-17
7.502e-13         6.12303e-17
7.602e-13         6.12303e-17
7.702e-13         6.12303e-17
7.802e-13         6.12303e-17
7.902e-13         6.12303e-17
8.002e-13         6.12303e-17
8.102e-13         6.12303e-17
8.202e-13         6.12303e-17
8.302e-13         6.12303e-17
8.402e-13         6.12303e-17
8.502e-13         6.12303e-17
8.602e-13         6.12303e-17
8.702e-13         6.12303e-17
8.802e-13         6.12303e-17
8.902e-13         6.12303e-17
9.002e-13         6.12303e-17
9.102e-13         6.12303e-17
9.202e-13         6.12303e-17
9.302e-13         6.12303e-17
9.402e-13         6.12303e-17
9.502e-13         6.12303e-17
9.602e-13         6.12303e-17
9.702e-13         6.12303e-17
9.802e-13         6.12303e-17
9.902e-13         6.12303e-17
1.0002e-12         6.12303e-17
1.0102e-12         6.12303e-17
1.0202e-12         6.12303e-17
1.0302e-12         6.12303e-17
1.0402e-12         6.12303e-17
1.0502e-12         6.12303e-17
1.0602e-12         6.12303e-17
1.0702e-12         6.12303e-17
1.0802e-12         6.12303e-17
1.0902e-12         6.12303e-17
1.1002e-12         6.12303e-17
1.1102e-12         6.12303e-17
1.2102e-12         6.12303e-17
1.3102e-12         6.12303e-17
1.4102e-12         6.12303e-17
1.5102e-12         6.12303e-17
1.6102e-12         6.12303e-17
1.7102e-12         6.12303e-17
1.8102e-12         6.12303e-17
1.9102e-12         6.12303e-17
2.0102e-12         6.12303e-17
2.1102e-12         6.12303e-17
2.2102e-12         6.12303e-17
2.3102e-12         6.12303e-17
2.4102e-12         6.12303e-17
2.5102e-12         6.12303e-17
2.6102e-12         6.12303e-17
2.7102e-12         6.12303e-17
2.8102e-12         6.12303e-17
2.9102e-12         6.12303e-17
3.0102e-12         6.12303e-17
3.1102e-12         6.12303e-17
3.2102e-12         6.12303e-17
3.3102e-12         6.12303e-17
3.4102e-12         6.12303e-17
3.5102e-12         6.12303e-17
3.6102e-12         6.12303e-17
3.7102e-12         6.12303e-17
3.8102e-12         6.12303e-17
3.9102e-12         6.12303e-17
4.0102e-12         6.12303e-17
4.1102e-12         6.12303e-17
4.2102e-12         6.12303e-17
4.3102e-12         6.12303e-17
4.4102e-12         6.12303e-17
4.5102e-12         6.12303e-17
4.6102e-12         6.12303e-17
4.7102e-12         6.12303e-17
4.8102e-12         6.12303e-17
4.9102e-12         6.12303e-17
5.0102e-12         6.12303e-17
5.1102e-12         6.12303e-17
5.2102e-12         6.12303e-17
5.3102e-12         6.12303e-17
5.4102e-12         6.12303e-17
5.5102e-12         6.12303e-17
5.6102e-12         6.12303e-17
5.7102e-12         6.12303e-17
5.8102e-12         6.12303e-17
5.9102e-12         6.12303e-17
6.0102e-12         6.12303e-17
6.1102e-12         6.12303e-17
6.2102e-12         6.12303e-17
6.3102e-12         6.12303e-17
6.4102e-12         6.12303e-17
6.5102e-12         6.12303e-17
6.6102e-12         6.12303e-17
6.7102e-12         6.12303e-17
6.8102e-12         6.12303e-17
6.9102e-12         6.12303e-17
7.0102e-12         6.12303e-17
7.1102e-12         6.12303e-17
7.2102e-12         6.12303e-17
7.3102e-12         6.12303e-17
7.4102e-12         6.12303e-17
7.5102e-12         6.12303e-17
7.6102e-12         6.12303e-17
7.7102e-12         6.12303e-17
7.8102e-12         6.12303e-17
7.9102e-12         6.12303e-17
8.0102e-12         6.12303e-17
8.1102e-12         6.12303e-17
8.2102e-12         6.12303e-17
8.3102e-12         6.12303e-17
8.4102e-12         6.12303e-17
8.5102e-12         6.12303e-17
8.6102e-12         6.12303e-17
8.7102e-12         6.12303e-17
8.8102e-12         6.12303e-17
8.9102e-12         6.12303e-17
9.0102e-12         6.12303e-17
9.1102e-12         6.12303e-17
9.2102e-12         6.12303e-17
9.3102e-12         6.12303e-17
9.4102e-12         6.12303e-17
9.5102e-12         6.12303e-17
9.6102e-12         6.12303e-17
9.7102e-12         6.12303e-17
9.8102e-12         6.12303e-17
9.9102e-12         6.12303e-17
1.00102e-11         6.12303e-17
1.01102e-11         6.12303e-17
1.02102e-11         6.12303e-17
1.03102e-11         6.12303e-17
1.04102e-11         6.12303e-17
1.05102e-11         6.12303e-17
1.06102e-11         6.12303e-17
1.07102e-11         6.12303e-17
1.08102e-11         6.12303e-17
1.09102e-11         6.12303e-17
1.10102e-11         6.12303e-17
1.11102e-11         6.12303e-17
1.21102e-11         6.12303e-17
1.31102e-11         6.12303e-17
1.41102e-11         6.12303e-17
1.51102e-11         6.12303e-17
1.61102e-11         6.12303e-17
1.71102e-11         6.12303e-17
1.81102e-11         6.12303e-17
1.91102e-11         6.12303e-17
2.01102e-11         6.12303e-17
2.11102e-11         6.12303e-17
2.21102e-11         6.12303e-17
2.31102e-11         6.12303e-17
2.41102e-11         6.12303e-17
2.51102e-11         6.12303e-17
2.61102e-11         6.12303e-17
2.71102e-11         6.12303e-17
2.81102e-11         6.12303e-17
2.91102e-11         6.12303e-17
3.01102e-11         6.12303e-17
3.11102e-11         6.12303e-17
3.21102e-11         6.12303e-17
3.31102e-11         6.12303e-17
3.41102e-11         6.12303e-17
3.51102e-11         6.12303e-17
3.61102e-11         6.12303e-17
3.71102e-11         6.12303e-17
3.81102e-11         6.12303e-17
3.91102e-11         6.12303e-17
4.01102e-11         6.12303e-17
4.11102e-11         6.12303e-17
4.21102e-11         6.12303e-17
4.31102e-11         6.12303e-17
4.41102e-11         6.12303e-17
4.51102e-11         6.12303e-17
4.61102e-11         6.12303e-17
4.71102e-11         6.12303e-17
4.81102e-11         6.12303e-17
4.91102e-11         6.12303e-17
5.01102e-11         6.12303e-17
5.11102e-11         6.12303e-17
5.21102e-11         6.12303e-17
5.31102e-11         6.12303e-17
5.41102e-11         6.12303e-17
5.51102e-11         6.12303e-17
5.61102e-11         6.12303e-17
5.71102e-11         6.12303e-17
5.81102e-11         6.12303e-17
5.91102e-11         6.12303e-17
6.01102e-11         6.12303e-17
6.11102e-11         6.12303e-17
6.21102e-11         6.12303e-17
6.31102e-11         6.12303e-17
6.41102e-11         6.12303e-17
6.51102e-11         6.12303e-17
6.61102e-11         6.12303e-17
6.71102e-11         6.12303e-17
6.81102e-11         6.12303e-17
6.91102e-11         6.12303e-17
7.01102e-11         6.12303e-17
7.11102e-11         6.12303e-17
7.21102e-11         6.12303e-17
7.31102e-11         6.12303e-17
7.41102e-11         6.12303e-17
7.51102e-11         6.12303e-17
7.61102e-11         6.12303e-17
7.71102e-11         6.12303e-17
7.81102e-11         6.12303e-17
7.91102e-11         6.12303e-17
8.01102e-11         6.12303e-17
8.11102e-11         6.12303e-17
8.21102e-11         6.12303e-17
8.31102e-11         6.12303e-17
8.41102e-11         6.12303e-17
8.51102e-11         6.12303e-17
8.61102e-11         6.12303e-17
8.71102e-11         6.12303e-17
8.81102e-11         6.12303e-17
8.91102e-11         6.12303e-17
9.01102e-11         6.12303e-17
9.11102e-11         6.12303e-17
9.21102e-11         6.12303e-17
9.31102e-11         6.12303e-17
9.41102e-11         6.12303e-17
9.51102e-11         6.12303e-17
9.61102e-11         6.12303e-17
9.71102e-11         6.12303e-17
9.81102e-11         6.12303e-17
9.91102e-11         6.12303e-17
1.0011e-10         6.12303e-17
1.0111e-10         6.12303e-17
1.0211e-10         6.12303e-17
1.0311e-10         6.12303e-17
1.0411e-10         6.12303e-17
1.0511e-10         6.12303e-17
1.0611e-10         6.12303e-17
1.0711e-10         6.12303e-17
1.0811e-10         6.12303e-17
1.0911e-10         6.12303e-17
1.1011e-10         6.12303e-17
1.1111e-10         6.12303e-17
1.2111e-10         6.12303e-17
1.3111e-10         6.12303e-17
1.4111e-10         6.12303e-17
1.5111e-10         6.12303e-17
1.6111e-10         6.12303e-17
1.7111e-10         6.12303e-17
1.8111e-10         6.12303e-17
1.9111e-10         6.12303e-17
2.0111e-10         6.12303e-17
2.1111e-10         6.12303e-17
2.2111e-10         6.12303e-17
2.3111e-10         6.12303e-17
2.4111e-10         6.12303e-17
2.5111e-10         6.12303e-17
2.6111e-10         6.12303e-17
2.7111e-10         6.12303e-17
2.8111e-10         6.12303e-17
2.9111e-10         6.12303e-17
3.0111e-10         6.12303e-17
3.1111e-10         6.12303e-17
3.2111e-10         6.12303e-17
3.3111e-10         6.12303e-17
3.4111e-10         6.12303e-17
3.5111e-10         6.12303e-17
3.6111e-10         6.12303e-17
3.7111e-10         6.12303e-17
3.8111e-10         6.12303e-17
3.9111e-10         6.12303e-17
4.0111e-10         6.12303e-17
4.1111e-10         6.12303e-17
4.2111e-10         6.12303e-17
4.3111e-10         6.12303e-17
4.4111e-10         6.12303e-17
4.5111e-10         6.12303e-17
4.6111e-10         6.12303e-17
4.7111e-10         6.12303e-17
4.8111e-10         6.12303e-17
4.9111e-10         6.12303e-17
5.0111e-10         6.12303e-17
5.1111e-10         6.12303e-17
5.2111e-10         6.12303e-17
5.3111e-10         6.12303e-17
5.4111e-10         6.12303e-17
5.5111e-10         6.12303e-17
5.6111e-10         6.12303e-17
5.7111e-10         6.12303e-17
5.8111e-10         6.12303e-17
5.9111e-10         6.12303e-17
6.0111e-10         6.12303e-17
6.1111e-10         6.12303e-17
6.2111e-10         6.12303e-17
6.3111e-10         6.12303e-17
6.4111e-10         6.12303e-17
6.5111e-10         6.12303e-17
6.6111e-10         6.12303e-17
6.7111e-10         6.12303e-17
6.8111e-10         6.12303e-17
6.9111e-10         6.12303e-17
7.0111e-10         6.12303e-17
7.1111e-10         6.12303e-17
7.2111e-10         6.12303e-17
7.3111e-10         6.12303e-17
7.4111e-10         6.12303e-17
7.5111e-10         6.12303e-17
7.6111e-10         6.12303e-17
7.7111e-10         6.12303e-17
7.8111e-10         6.12303e-17
7.9111e-10         6.12303e-17
8.0111e-10         6.12303e-17
8.1111e-10         6.12303e-17
8.2111e-10         6.12303e-17
8.3111e-10         6.12303e-17
8.4111e-10         6.12303e-17
8.5111e-10         6.12303e-17
8.6111e-10         6.12303e-17
8.7111e-10         6.12303e-17
8.8111e-10         6.12303e-17
8.9111e-10         6.12303e-17
9.0111e-10         6.12303e-17
9.1111e-10         6.12303e-17
9.2111e-10         6.12303e-17
9.3111e-10         6.12303e-17
9.4111e-10         6.12303e-17
9.5111e-10         6.12303e-17
9.6111e-10         6.12303e-17
9.7111e-10         6.12303e-17
9.8111e-10         6.12303e-17
9.9111e-10         6.12303e-17
1.00111e-09         6.12303e-17
1.01111e-09         6.12303e-17
1.02111e-09         6.12303e-17
1.03111e-09         6.12303e-17
1.04111e-09         6.12303e-17
1.05111e-09         6.12303e-17
1.06111e-09         6.12303e-17
1.07111e-09         6.12303e-17
1.08111e-09         6.12303e-17
1.09111e-09         6.12303e-17
1.10111e-09         6.12303e-17
1.11111e-09         6.12303e-17
1.21111e-09         6.12303e-17
1.31111e-09         6.12303e-17
1.41111e-09         6.12303e-17
1.51111e-09         6.12303e-17
1.61111e-09         6.12303e-17
1.71111e-09         6.12303e-17
1.81111e-09         6.12303e-17
1.91111e-09         6.12303e-17
2.01111e-09         6.12303e-17
2.11111e-09         6.12303e-17
2.21111e-09         6.12303e-17
2.31111e-09         6.12303e-17
2.41111e-09         6.12303e-17
2.51111e-09         6.12303e-17
2.61111e-09         6.12303e-17
2.71111e-09         6.12303e-17
2.81111e-09         6.12303e-17
2.91111e-09         6.12303e-17
3.01111e-09         6.12303e-17
3.11111e-09         6.12303e-17
3.21111e-09         6.12303e-17
3.31111e-09         6.12303e-17
3.41111e-09         6.12303e-17
3.51111e-09         6.12303e-17
3.61111e-09         6.12303e-17
3.71111e-09         6.12303e-17
3.81111e-09         6.12303e-17
3.91111e-09         6.12303e-17
4.01111e-09         6.12303e-17
4.11111e-09         6.12303e-17
4.21111e-09         6.12303e-17
4.31111e-09         6.12303e-17
4.41111e-09         6.12303e-17
4.51111e-09         6.12303e-17
4.61111e-09         6.12303e-17
4.71111e-09         6.12303e-17
4.81111e-09         6.12303e-17
4.91111e-09         6.12303e-17
5.01111e-09         6.12303e-17
5.11111e-09         6.12303e-17
5.21111e-09         6.12303e-17
5.31111e-09         6.12303e-17
5.41111e-09         6.12303e-17
5.51111e-09         6.12303e-17
5.61111e-09         6.12303e-17
5.71111e-09         6.12303e-17
5.81111e-09         6.12303e-17
5.91111e-09         6.12303e-17
6.01111e-09         6.12303e-17
6.11111e-09         6.12303e-17
6.21111e-09         6.12303e-17
6.31111e-09         6.12303e-17
6.41111e-09         6.12303e-17
6.51111e-09         6.12303e-17
6.61111e-09         6.12303e-17
6.71111e-09         6.12303e-17
6.81111e-09         6.12303e-17
6.91111e-09         6.12303e-17
7.01111e-09         6.12303e-17
7.11111e-09         6.12303e-17
7.21111e-09         6.12303e-17
7.31111e-09         6.12303e-17
7.41111e-09         6.12303e-17
7.51111e-09         6.12303e-17
7.61111e-09         6.12303e-17
7.71111e-09         6.12303e-17
7.81111e-09         6.12303e-17
7.91111e-09         6.12303e-17
8.01111e-09         6.12303e-17
8.11111e-09         6.12303e-17
8.21111e-09         6.12303e-17
8.31111e-09         6.12303e-17
8.41111e-09         6.12303e-17
8.51111e-09         6.12303e-17
8.61111e-09         6.12303e-17
8.71111e-09         6.12303e-17
8.81111e-09         6.12303e-17
8.91111e-09         6.12303e-17
9.01111e-09         6.12303e-17
9.11111e-09         6.12303e-17
9.21111e-09         6.12303e-17
9.31111e-09         6.12303e-17
9.41111e-09         6.12303e-17
9.51111e-09         6.12303e-17
9.61111e-09         6.12303e-17
9.71111e-09         6.12303e-17
9.81111e-09         6.12303e-17
9.91111e-09         6.12303e-17
1.00111e-08         6.12303e-17
1.01111e-08         6.12303e-17
1.02111e-08         6.12303e-17
1.03111e-08         6.12303e-17
1.04111e-08         6.12303e-17
1.05111e-08         6.12303e-17
1.06111e-08         6.12303e-17
1.07111e-08         6.12303e-17
1.08111e-08         6.12303e-17
1.09111e-08         6.12303e-17
1.10111e-08         6.12303e-17
1.11111e-08         6.12303e-17
1.21111e-08         6.12303e-17
1.31111e-08         6.12303e-17
1.41111e-08         6.12303e-17
1.51111e-08         6.12303e-17
1.61111e-08         6.12303e-17
1.71111e-08         6.12303e-17
1.81111e-08         6.12303e-17
1.91111e-08         6.12303e-17
2.01111e-08         6.12303e-17
2.11111e-08         6.12303e-17
2.21111e-08         6.12303e-17
2.31111e-08         6.12303e-17
2.41111e-08         6.12303e-17
2.51111e-08         6.12303e-17
2.61111e-08         6.12303e-17
2.71111e-08         6.12303e-17
2.81111e-08         6.12303e-17
2.91111e-08         6.12303e-17
3.01111e-08         6.12303e-17
3.11111e-08         6.12303e-17
3.21111e-08         6.12303e-17
3.31111e-08         6.12303e-17
3.41111e-08         6.12303e-17
3.51111e-08         6.12303e-17
3.61111e-08         6.12303e-17
3.71111e-08         6.12303e-17
3.81111e-08         6.12303e-17
3.91111e-08         6.12303e-17
4.01111e-08         6.12303e-17
4.11111e-08         6.12303e-17
4.21111e-08         6.12303e-17
4.31111e-08         6.12303e-17
4.41111e-08         6.12303e-17
4.51111e-08         6.12303e-17
4.61111e-08         6.12303e-17
4.71111e-08         6.12303e-17
4.81111e-08         6.12303e-17
4.91111e-08         6.12303e-17
5.01111e-08         6.12303e-17
5.11111e-08         6.12303e-17
5.21111e-08         6.12303e-17
5.31111e-08         6.12303e-17
5.41111e-08         6.12303e-17
5.51111e-08         6.12303e-17
5.61111e-08         6.12303e-17
5.71111e-08         6.12303e-17
5.81111e-08         6.12303e-17
5.91111e-08         6.12303e-17
6.01111e-08         6.12303e-17
6.11111e-08         6.12303e-17
6.21111e-08         6.12303e-17
6.31111e-08         6.12303e-17
6.41111e-08         6.12303e-17
6.51111e-08         6.12303e-17
6.61111e-08         6.12303e-17
6.71111e-08         6.12303e-17
6.81111e-08         6.12303e-17
6.91111e-08         6.12303e-17
7.01111e-08         6.12303e-17
7.11111e-08         6.12303e-17
7.21111e-08         6.12303e-17
7.31111e-08         6.12303e-17
7.41111e-08         6.12303e-17
7.51111e-08         6.12303e-17
7.61111e-08         6.12303e-17
7.71111e-08         6.12303e-17
7.81111e-08         6.12303e-17
7.91111e-08         6.12303e-17
8.01111e-08         6.12303e-17
8.11111e-08         6.12303e-17
8.21111e-08         6.12303e-17
8.31111e-08         6.12303e-17
8.41111e-08         6.12303e-17
8.51111e-08         6.12303e-17
8.61111e-08         6.12303e-17
8.71111e-08         6.12303e-17
8.81111e-08         6.12303e-17
8.91111e-08         6.12303e-17
9.01111e-08         6.12303e-17
9.11111e-08         6.12303e-17
9.21111e-08         6.12303e-17
9.31111e-08         6.12303e-17
9.41111e-08         6.12303e-17
9.51111e-08         6.12303e-17
9.61111e-08         6.12303e-17
9.71111e-08         6.12303e-17
9.81111e-08         6.12303e-17
9.91111e-08         6.12303e-17
1.00111e-07         6.12303e-17
1.01111e-07         6.12303e-17
1.02111e-07         6.12303e-17
1.03111e-07         6.12303e-17
1.04111e-07         6.12303e-17
1.05111e-07         6.12303e-17
1.06111e-07         6.12303e-17
1.07111e-07         6.12303e-17
1.08111e-07         6.12303e-17
1.09111e-07         6.12303e-17
1.10111e-07         6.12303e-17
1.11111e-07         6.12303e-17
1.21111e-07         6.12303e-17
1.31111e-07         6.12303e-17
1.41111e-07         6.12303e-17
1.51111e-07         6.12303e-17
1.61111e-07         6.12303e-17
1.71111e-07         6.12303e-17
1.81111e-07         6.12303e-17
1.91111e-07         6.12303e-17
2.01111e-07         6.12303e-17
2.11111e-07         6.12303e-17
2.21111e-07         6.12303e-17
2.31111e-07         6.12303e-17
2.41111e-07         6.12303e-17
2.51111e-07         6.12303e-17
2.61111e-07         6.12303e-17
2.71111e-07         6.12303e-17
2.81111e-07         6.12303e-17
2.91111e-07         6.12303e-17
3.01111e-07         6.12303e-17
3.11111e-07         6.12303e-17
3.21111e-07         6.12303e-17
3.31111e-07         6.12303e-17
3.41111e-07         6.12303e-17
3.51111e-07         6.12303e-17
3.61111e-07         6.12303e-17
3.71111e-07         6.12303e-17
3.81111e-07         6.12303e-17
3.91111e-07         6.12303e-17
4.01111e-07         6.12303e-17
4.11111e-07         6.12303e-17
4.21111e-07         6.12303e-17
4.31111e-07         6.12303e-17
4.41111e-07         6.12303e-17
4.51111e-07         6.12303e-17
4.61111e-07         6.12303e-17
4.71111e-07         6.12303e-17
4.81111e-07         6.12303e-17
4.91111e-07         6.12303e-17
5.01111e-07         6.12303e-17
5.11111e-07         6.12303e-17
5.21111e-07         6.12303e-17
5.31111e-07         6.12303e-17
5.41111e-07         6.12303e-17
5.51111e-07         6.12303e-17
5.61111e-07         6.12303e-17
5.71111e-07         6.12303e-17
5.81111e-07         6.12303e-17
5.91111e-07         6.12303e-17
6.01111e-07         6.12303e-17
6.11111e-07         6.12303e-17
6.21111e-07         6.12303e-17
6.31111e-07         6.12303e-17
6.41111e-07         6.12303e-17
6.51111e-07         6.12303e-17
6.61111e-07         6.12303e-17
6.71111e-07         6.12303e-17
6.81111e-07         6.12303e-17
6.91111e-07         6.12303e-17
7.01111e-07         6.12303e-17
7.11111e-07         6.12303e-17
7.21111e-07         6.12303e-17
7.31111e-07         6.12303e-17
7.41111e-07         6.12303e-17
7.51111e-07         6.12303e-17
7.61111e-07         6.12303e-17
7.71111e-07         6.12303e-17
7.81111e-07         6.12303e-17
7.91111e-07         6.12303e-17
8.01111e-07         6.12303e-17
8.11111e-07         6.12303e-17
8.21111e-07         6.12303e-17
8.31111e-07         6.12303e-17
8.41111e-07         6.12303e-17
8.51111e-07         6.12303e-17
8.61111e-07         6.12303e-17
8.71111e-07         6.12303e-17
8.81111e-07         6.12303e-17
8.91111e-07         6.12303e-17
9.01111e-07         6.12303e-17
9.11111e-07         6.12303e-17
9.21111e-07         6.12303e-17
9.31111e-07         6.12303e-17
9.41111e-07         6.12303e-17
9.51111e-07         6.12303e-17
9.61111e-07         6.12303e-17
9.71111e-07         6.12303e-17
9.81111e-07         6.12303e-17
9.91111e-07         6.12303e-17
1.00111e-06         6.12303e-17
1.01111e-06         6.12303e-17
1.02111e-06         6.12303e-17
1.03111e-06         6.12303e-17
1.04111e-06         6.12303e-17
1.05111e-06         6.12303e-17
1.06111e-06         6.12303e-17
1.07111e-06         6.12303e-17
1.08111e-06         6.12303e-17
1.09111e-06         6.12303e-17
1.10111e-06         6.12303e-17
1.11111e-06         6.12303e-17
1.21111e-06         6.12303e-17
1.31111e-06         6.12303e-17
1.41111e-06         6.12303e-17
1.51111e-06         6.12303e-17
1.61111e-06         6.12303e-17
1.71111e-06         6.12303e-17
1.81111e-06         6.12303e-17
1.91111e-06         6.12303e-17
2.01111e-06         6.12303e-17
2.11111e-06         6.12303e-17
2.21111e-06         6.12303e-17
2.31111e-06         6.12303e-17
2.41111e-06         6.12303e-17
2.51111e-06         6.12303e-17
2.61111e-06         6.12303e-17
2.71111e-06         6.12303e-17
2.81111e-06         6.12303e-17
2.91111e-06         6.12303e-17
3.01111e-06         6.12303e-17
3.11111e-06         6.12303e-17
3.21111e-06         6.12303e-17
3.31111e-06         6.12303e-17
3.41111e-06         6.12303e-17
3.51111e-06         6.12303e-17
3.61111e-06         6.12303e-17
3.71111e-06         6.12303e-17
3.81111e-06         6.12303e-17
3.91111e-06         6.12303e-17
4.01111e-06         6.12303e-17
4.11111e-06         6.12303e-17
4.21111e-06         6.12303e-17
4.31111e-06         6.12303e-17
4.41111e-06         6.12303e-17
4.51111e-06         6.12303e-17
4.61111e-06         6.12303e-17
4.71111e-06         6.12303e-17
4.81111e-06         6.12303e-17
4.91111e-06         6.12303e-17
5.01111e-06         6.12303e-17
5.11111e-06         6.12303e-17
5.21111e-06         6.12303e-17
5.31111e-06         6.12303e-17
5.41111e-06         6.12303e-17
5.51111e-06         6.12303e-17
5.61111e-06         6.12303e-17
5.71111e-06         6.12303e-17
5.81111e-06         6.12303e-17
5.91111e-06         6.12303e-17
6.01111e-06         6.12303e-17
6.11111e-06         6.12303e-17
6.21111e-06         6.12303e-17
6.31111e-06         6.12303e-17
6.41111e-06         6.12303e-17
6.51111e-06         6.12303e-17
6.61111e-06         6.12303e-17
6.71111e-06         6.12303e-17
6.81111e-06         6.12303e-17
6.91111e-06         6.12303e-17
7.01111e-06         6.12303e-17
7.11111e-06         6.12303e-17
7.21111e-06         6.12303e-17
7.31111e-06         6.12303e-17
7.41111e-06         6.12303e-17
7.51111e-06         6.12303e-17
7.61111e-06         6.12303e-17
7.71111e-06         6.12303e-17
7.81111e-06         6.12303e-17
7.91111e-06         6.12303e-17
8.01111e-06         6.12303e-17
8.11111e-06         6.12303e-17
8.21111e-06         6.12303e-17
8.31111e-06         6.12303e-17
8.41111e-06         6.12303e-17
8.51111e-06         6.12303e-17
8.61111e-06         6.12303e-17
8.71111e-06         6.12303e-17
8.81111e-06         6.12303e-17
8.91111e-06         6.12303e-17
9.01111e-06         6.12303e-17
9.11111e-06         6.12303e-17
9.21111e-06         6.12303e-17
9.31111e-06         6.12303e-17
9.41111e-06         6.12303e-17
9.51111e-06         6.12303e-17
9.61111e-06         6.12303e-17
9.71111e-06         6.12303e-17
9.81111e-06         6.12303e-17
9.91111e-06         6.12303e-17
1.00111e-05         6.12303e-17
1.01111e-05         6.12303e-17
1.02111e-05         6.12303e-17
1.03111e-05         6.12303e-17
1.04111e-05         6.12303e-17
1.05111e-05         6.12303e-17
1.06111e-05         6.12303e-17
1.07111e-05         6.12303e-17
1.08111e-05         6.12303e-17
1.09111e-05         6.12303e-17
1.10111e-05         6.12303e-17
1.11111e-05         6.12303e-17
1.21111e-05         6.12303e-17
1.31111e-05         6.12303e-17
1.41111e-05         6.12303e-17
1.51111e-05         6.12303e-17
1.61111e-05         6.12303e-17
1.71111e-05         6.12303e-17
1.81111e-05         6.12303e-17
1.91111e-05         6.12303e-17
2.01111e-05         6.12303e-17
2.11111e-05         6.12303e-17
2.21111e-05         6.12303e-17
2.31111e-05         6.12303e-17
2.41111e-05         6.12303e-17
2.51111e-05         6.12303e-17
2.61111e-05         6.12303e-17
2.71111e-05         6.12303e-17
2.81111e-05         6.12303e-17
2.91111e-05         6.12303e-17
3.01111e-05         6.12303e-17
3.11111e-05         6.12303e-17
3.21111e-05         6.12303e-17
3.31111e-05         6.12303e-17
3.41111e-05         6.12303e-17
3.51111e-05         6.12303e-17
3.61111e-05         6.12303e-17
3.71111e-05         6.12303e-17
3.81111e-05         6.12303e-17
3.91111e-05         6.12303e-17
4.01111e-05         6.12303e-17
4.11111e-05         6.12303e-17
4.21111e-05         6.12303e-17
4.31111e-05         6.12303e-17
4.41111e-05         6.12303e-17
4.51111e-05         6.12303e-17
4.61111e-05         6.12303e-17
4.71111e-05         6.12303e-17
4.81111e-05         6.12303e-17
4.91111e-05         6.12303e-17
5.01111e-05         6.12303e-17
5.11111e-05         6.12303e-17
5.21111e-05         6.12303e-17
5.31111e-05         6.12303e-17
5.41111e-05         6.12303e-17
5.51111e-05         6.12303e-17
5.61111e-05         6.12303e-17
5.71111e-05         6.12303e-17
5.81111e-05         6.12303e-17
5.91111e-05         6.12303e-17
6.01111e-05         6.12303e-17
6.11111e-05         6.12303e-17
6.21111e-05         6.12303e-17
6.31111e-05         6.12303e-17
6.41111e-05         6.12303e-17
6.51111e-05         6.12303e-17
6.61111e-05         6.12303e-17
6.71111e-05         6.12303e-17
6.81111e-05         6.12303e-17
6.91111e-05         6.12303e-17
7.01111e-05         6.12303e-17
7.11111e-05         6.12303e-17
7.21111e-05         6.12303e-17
7.31111e-05         6.12303e-17
7.41111e-05         6.12303e-17
7.51111e-05         6.12303e-17
7.61111e-05         6.12303e-17
7.71111e-05         6.12303e-17
7.81111e-05         6.12303e-17
7.91111e-05         6.12303e-17
8.01111e-05         6.12303e-17
8.11111e-05         6.12303e-17
8.21111e-05         6.12303e-17
8.31111e-05         6.12303e-17
8.41111e-05         6.12303e-17
8.51111e-05         6.12303e-17
8.61111e-05         6.12303e-17
8.71111e-05         6.12303e-17
8.81111e-05         6.12303e-17
8.91111e-05         6.12303e-17
9.01111e-05         6.12303e-17
9.11111e-05         6.12303e-17
9.21111e-05         6.12303e-17
9.31111e-05         6.12303e-17
9.41111e-05         6.12303e-17
9.51111e-05         6.12303e-17
9.61111e-05         6.12303e-17
9.71111e-05         6.12303e-17
9.81111e-05         6.12303e-17
9.91111e-05         6.12303e-17
0.000100111         6.12303e-17
0.000101111         6.12303e-17
0.000102111         6.12303e-17
0.000103111         6.12303e-17
0.000104111         6.12303e-17
0.000105111         6.12303e-17
0.000106111         6.12303e-17
0.000107111         6.12303e-17
0.000108111         6.12303e-17
0.000109111         6.12303e-17
0.000110111         6.12303e-17
0.000111111         6.12303e-17
0.000121111         6.12303e-17
0.000131111         6.12303e-17
0.000141111         6.12303e-17
0.000151111         6.12303e-17
0.000161111         6.12303e-17
0.000171111         6.12303e-17
0.000181111         6.12303e-17
0.000191111         6.12303e-17
0.000201111         6.12303e-17
0.000211111         6.12303e-17
0.000221111         6.12303e-17
0.000231111         6.12303e-17
0.000241111         6.12303e-17
0.000251111         6.12303e-17
0.000261111         6.12303e-17
0.000271111         6.12303e-17
0.000281111         6.12303e-17
0.000291111         6.12303e-17
0.000301111         6.12303e-17
0.000311111         6.12303e-17
0.000321111         6.12303e-17
0.000331111         6.12303e-17
0.000341111         6.12303e-17
0.000351111         6.12303e-17
0.000361111         6.12303e-17
0.000371111         6.12303e-17
0.000381111         6.12303e-17
0.000391111         6.12303e-17
0.000401111         6.12303e-17
0.000411111         6.12303e-17
0.000421111         6.12303e-17
0.000431111         6.12303e-17
0.000441111         6.12303e-17
0.000451111         6.12303e-17
0.000461111         6.12303e-17
0.000471111         6.12303e-17
0.000481111         6.12303e-17
0.000491111         6.12303e-17
0.000501111         6.12303e-17
0.000511111         6.12303e-17
0.000521111         6.12303e-17
0.000531111         6.12303e-17
0.000541111         6.12303e-17
0.000551111         6.12303e-17
0.000561111         6.12303e-17
0.000571111         6.12303e-17
0.000581111         6.12303e-17
0.000591111         6.12303e-17
0.000601111         6.12303e-17
0.000611111         6.12303e-17
0.000621111         6.12303e-17
0.000631111         6.12303e-17
0.000641111         6.12303e-17
0.000651111         6.12303e-17
0.000661111         6.12303e-17
0.000671111         6.12303e-17
0.000681111         6.12303e-17
0.000691111         6.12303e-17
0.000701111         6.12303e-17
0.000711111         6.12303e-17
0.000721111         6.12303e-17
0.000731111         6.12303e-17
0.000741111         6.12303e-17
0.000751111         6.12303e-17
0.000761111         6.12303e-17
0.000771111         6.12303e-17
0.000781111         6.12303e-17
0.000791111         6.12303e-17
0.000801111         6.12303e-17
0.000811111         6.12303e-17
0.000821111         6.12303e-17
0.000831111         6.12303e-17
0.000841111         6.12303e-17
0.000851111         6.12303e-17
0.000861111         6.12303e-17
0.000871111         6.12303e-17
0.000881111         6.12303e-17
0.000891111         6.12303e-17
0.000901111         6.12303e-17
0.000911111         6.12303e-17
0.000921111         6.12303e-17
0.000931111         6.12303e-17
0.000941111         6.12303e-17
0.000951111         6.12303e-17
0.000961111         6.12303e-17
0.000971111         6.12303e-17
0.000981111         6.12303e-17
0.000991111         6.12303e-17
0.00100111         6.12303e-17
0.00101111         6.12303e-17
0.00102111         6.12303e-17
0.00103111         6.12303e-17
0.00104111         6.12303e-17
0.00105111         6.12303e-17
0.00106111         6.12303e-17
0.00107111         6.12303e-17
0.00108111         6.12303e-17
0.00109111         6.12303e-17
0.00110111         6.12303e-17
0.00111111         6.12303e-17
0.00121111         6.12303e-17
0.00131111         6.12303e-17
0.00141111         6.12303e-17
0.00151111         6.12303e-17
0.00161111         6.12303e-17
0.00171111         6.12303e-17
0.00181111         6.12303e-17
0.00191111         6.12303e-17
0.00201111         6.12303e-17
0.00211111         6.12303e-17
0.00221111         6.12303e-17
0.00231111         6.12303e-17
0.00241111         6.12303e-17
0.00251111         6.12303e-17
0.00261111         6.12303e-17
0.00271111         6.12303e-17
0.00281111         6.12303e-17
0.00291111         6.12303e-17
0.00301111         6.12303e-17
0.00311111         6.12303e-17
0.00321111         6.12303e-17
0.00331111         6.12303e-17
0.00341111         6.12303e-17
0.00351111         6.12303e-17
0.00361111         6.12303e-17
0.00371111         6.12303e-17
0.00381111         6.12303e-17
0.00391111         6.12303e-17
0.00401111         6.12303e-17
0.00411111         6.12303e-17
0.00421111         6.12303e-17
0.00431111         6.12303e-17
0.00441111         6.12303e-17
0.00451111         6.12303e-17
0.00461111         6.12303e-17
0.00471111         6.12303e-17
0.00481111         6.12303e-17
0.00491111         6.12303e-17
0.00501111         6.12303e-17
0.00511111         6.12303e-17
0.00521111         6.12303e-17
0.00531111         6.12303e-17
0.00541111         6.12303e-17
0.00551111         6.12303e-17
0.00561111         6.12303e-17
0.00571111         6.12303e-17
0.00581111         6.12303e-17
0.00591111         6.12303e-17
0.00601111         6.12303e-17
0.00611111         6.12303e-17
0.00621111         6.12303e-17
0.00631111         6.12303e-17
0.00641111         6.12303e-17
0.00651111         6.12303e-17
0.00661111         6.12303e-17
0.00671111         8.2103e-15
0.00681111         6.12303e-17
0.00691111         6.12303e-17
0.00701111         6.12303e-17
0.00711111         6.12303e-17
0.00721111         6.12303e-17
0.00731111         6.12303e-17
0.00741111         6.12303e-17
0.00751111         6.12303e-17
0.00761111         6.12303e-17
0.00771111         6.12303e-17
0.00781111         6.12303e-17
0.00791111         6.12303e-17
0.00801111         6.12303e-17
0.00811111         6.12303e-17
0.00821111         6.12303e-17
0.00831111         6.12303e-17
0.00841111         6.12303e-17
0.00851111         6.12303e-17
0.00861111         6.12303e-17
0.00871111         6.12303e-17
0.00881111         6.12303e-17
0.00891111         6.12303e-17
0.00901111         6.12303e-17
0.00911111         6.12303e-17
0.00921111         6.12303e-17
0.00931111         6.12303e-17
0.00941111         6.12303e-17
0.00951111         6.12303e-17
0.00961111         6.12303e-17
0.00971111         6.12303e-17
0.00981111         6.12303e-17
0.00991111         6.12303e-17
0.0100111         6.12303e-17
0.0101111         6.12303e-17
0.0102111         6.12303e-17
0.0103111         6.12303e-17
0.0104111         6.12303e-17
0.0105111         6.12303e-17
0.0106111         6.12303e-17
0.0107111         6.12303e-17
0.0108111         6.12303e-17
0.0109111         6.12303e-17
0.0110111         6.12303e-17
0.0111111         6.12303e-17
0.0121111         6.12303e-17
0.0131111         6.12303e-17
0.0141111         6.12303e-17
0.0151111         6.12303e-17
0.0161111         6.12303e-17
0.0171111         6.12303e-17
0.0181111         6.12303e-17
0.0191111         6.12303e-17
0.0201111         6.12303e-17
0.0211111         6.12303e-17
0.0221111         6.12303e-17
0.0231111         6.12303e-17
0.0241111         6.12303e-17
0.0251111         6.12303e-17
0.0261111         6.12303e-17
0.0271111         6.12303e-17
0.0281111         6.12303e-17
0.0291111         6.12303e-17
0.0301111         6.12303e-17
0.0311111         6.12303e-17
0.0321111         6.12303e-17
0.0331111         6.12303e-17
0.0341111         6.12303e-17
0.0351111         6.12303e-17
0.0361111         6.12303e-17
0.0371111         6.12303e-17
0.0381111         6.12303e-17
0.0391111         6.12303e-17
0.0401111         6.12303e-17
0.0411111         6.12303e-17
0.0421111         6.12303e-17
0.0431111         6.12303e-17
0.0441111         6.12303e-17
0.0451111         6.12303e-17
0.0461111         6.12303e-17
0.0471111         6.12303e-17
0.0481111         1.09258e-15
0.0491111         6.12303e-17
0.0501111         6.12303e-17
0.0511111         6.12303e-17
0.0521111         6.12303e-17
0.0531111         6.12303e-17
0.0541111         6.12303e-17
0.0551111         6.12303e-17
0.0561111         6.12303e-17
0.0571111         6.12303e-17
0.0581111         6.12303e-17
0.0591111         6.12303e-17
0.0601111         6.12303e-17
0.0611111         6.12303e-17
0.0621111         6.12303e-17
0.0631111         6.12303e-17
0.0641111         6.12303e-17
0.0651111         6.12303e-17
0.0661111         6.12303e-17
0.0671111         6.12303e-17
0.0681111         6.12303e-17
0.0691111         6.12303e-17
0.0701111         6.12303e-17
0.0711111         6.12303e-17
0.0721111         6.12303e-17
0.0731111         6.12303e-17
0.0741111         6.12303e-17
0.0751111         6.12303e-17
0.0761111         6.12303e-17
0.0771111         6.12303e-17
0.0781111         6.12303e-17
0.0791111         6.12303e-17
0.0801111         6.31697e-16
0.0811111         6.12303e-17
0.0821111         6.12303e-17
0.0831111         6.12303e-17
0.0841111         5.98744e-16
0.0851111         6.12303e-17
0.0861111         6.12303e-17
0.0871111         6.12303e-17
0.0881111         6.12303e-17
0.0891111         6.12303e-17
0.0901111         6.12303e-17
0.0911111         6.12303e-17
0.0921111         6.12303e-17
0.0931111         6.12303e-17
0.0941111         6.12303e-17
0.0951111         6.12303e-17
0.0961111         6.12303e-17
0.0971111         6.12303e-17
0.0981111         6.12303e-17
0.0991111         4.9886e-16
0.100111         4.93265e-16
0.101111         6.12303e-17
0.102111         6.12303e-17
0.103111         4.77132e-16
0.104111         6.12303e-17
0.105111         6.12303e-17
0.106111         6.12303e-17
0.107111         6.12303e-17
0.108111         6.12303e-17
0.109111         6.12303e-17
0.110111         6.12303e-17
0.111111         4.3837e-16
0.121111         6.12303e-17
0.131111         6.12303e-17
0.141111         6.12303e-17
0.151111         6.12303e-17
0.161111         6.12303e-17
0.171111         6.12303e-17
0.181111         6.12303e-17
0.191111         6.12303e-17
0.201111         6.12303e-17
0.211111         6.12303e-17
0.221111         1.89825e-16
0.231111         6.12303e-17
0.241111         6.12303e-17
0.251111         1.59832e-16
0.261111         6.12303e-17
0.271111         6.12303e-17
0.281111         6.12303e-17
0.291111         1.29457e-16
0.301111         1.23124e-16
0.311111         1.17198e-16
0.321111         6.12303e-17
0.331111         1.06421e-16
0.341111         6.12303e-17
0.351111         9.68711e-17
0.361111         9.24929e-17
0.371111         6.12303e-17
0.381111         8.44258e-17
0.391111         6.12303e-17
0.401111         6.12303e-17
0.411111         6.12303e-17
0.421111         6.12303e-17
0.431111         6.12303e-17
0.441111         1.87074e-16
0.451111         6.12303e-17
0.461111         1.79541e-16
0.471111         5.66e-17
0.481111         6.12303e-17
0.491111         6.12303e-17
0.501111         1.60322e-16
0.511111         6.12303e-17
0.521111         1.67755e-16
0.531111         6.12303e-17
0.541111         4.1357e-17
0.551111         3.94956e-17
0.561111         1.60161e-16
0.571111         3.59682e-17
0.581111         1.29821e-16
0.591111         6.12303e-17
0.601111         1.53578e-16
0.611111         2.96061e-17
0.621111         1.17518e-16
0.631111         2.67275e-17
0.641111         6.12303e-17
0.651111         2.40257e-17
0.661111         1.06703e-16
0.671111         2.1485e-17
0.681111         1.42731e-16
0.691111         6.12303e-17
0.701111         9.71216e-17
0.711111         1.68322e-17
0.721111         1.3821e-16
0.731111         1.46968e-17
0.741111         8.85749e-17
0.751111         1.26751e-17
0.761111         1.34165e-16
0.771111         1.07582e-17
0.781111         8.09035e-17
0.791111         8.93827e-18
0.801111         1.30523e-16
0.811111         7.20809e-18
0.821111         7.39795e-17
0.831111         5.56117e-18
0.841111         1.27228e-16
0.851111         3.99166e-18
0.861111         6.76988e-17
0.871111         2.49422e-18
0.881111         1.24232e-16
0.891111         1.06399e-18
0.901111         1.23579e-16
0.911111         3.03444e-19
0.921111         6.12303e-17
0.931111         1.61214e-18
0.941111         1.15724e-16
0.951111         2.86579e-18
0.961111         1.18988e-16
0.971111         4.0678e-18
0.981111         5.19294e-17
0.991111         5.22131e-18
1.00111         1.1668e-16
