2e-16         0.0148092
3e-16         0.170228
4e-16         0.0148092
5e-16         0.0962131
6e-16         0.0148092
7e-16         0.0644924
8e-16         0.0148092
9e-16         0.0468699
1e-15         0.0148092
1.1e-15         0.0356555
1.2e-15         0.0777094
1.3e-15         0.0278917
1.4e-15         0.0644924
1.5e-15         0.0518166
1.6e-15         0.0148092
1.7e-15         0.0474628
1.8e-15         0.0148092
1.9e-15         0.0440256
2e-15         0.0148092
2.1e-15         0.0116247
2.2e-15         0.0148092
2.3e-15         0.00932608
2.4e-15         0.0148092
2.5e-15         0.00739525
2.6e-15         0.0148092
2.7e-15         0.00575048
2.8e-15         0.0148092
2.9e-15         0.00433257
3e-15         0.0148092
3.1e-15         0.00309762
3.2e-15         0.0198853
3.3e-15         0.00201235
3.4e-15         0.0178444
3.5e-15         0.00105112
3.6e-15         0.0160303
3.7e-15         0.000193807
3.8e-15         0.0144072
3.9e-15         0.000575578
4e-15         0.0129464
4.1e-15         0.0258087
4.2e-15         0.0148092
4.3e-15         0.00189964
4.4e-15         0.0148092
4.5e-15         0.0024734
4.6e-15         0.0148092
4.7e-15         0.00299832
4.8e-15         0.0148092
4.9e-15         0.0034804
5e-15         0.0148092
5.1e-15         0.00392467
5.2e-15         0.00654124
5.3e-15         0.0043354
5.4e-15         0.00575048
5.5e-15         0.00471627
5.6e-15         0.0050162
5.7e-15         0.00507041
5.8e-15         0.00433257
5.9e-15         0.00540054
6e-15         0.00369451
6.1e-15         0.0124914
6.2e-15         0.00309762
6.3e-15         0.0116247
6.4e-15         0.00253803
6.5e-15         0.0108113
6.6e-15         0.00201235
6.7e-15         0.0100465
6.8e-15         0.0148092
6.9e-15         0.00676411
7e-15         0.0148092
7.1e-15         0.00699073
7.2e-15         0.000610558
7.3e-15         0.00720494
7.4e-15         0.000193807
7.5e-15         0.00740772
7.6e-15         0.000201009
7.7e-15         0.00759997
7.8e-15         0.000575578
7.9e-15         0.00778248
8e-15         0.000931419
8.1e-15         0.00575048
8.2e-15         0.0012699
8.3e-15         0.00525507
8.4e-15         0.00159227
8.5e-15         0.00478296
8.6e-15         0.00189964
8.7e-15         0.00433257
8.8e-15         0.00219304
8.9e-15         0.00390242
9e-15         0.0024734
9.1e-15         0.00349117
9.2e-15         0.00932608
9.3e-15         0.00309762
9.4e-15         0.00881256
9.5e-15         0.00272063
9.6e-15         0.00832044
9.7e-15         0.00908641
9.8e-15         0.0034804
9.9e-15         0.00920202
1e-14         0.00370698
1.01e-14         0.00167925
1.02e-14         0.00392467
1.12e-14         0.0050162
1.22e-14         0.00339117
1.32e-14         0.00201235
1.42e-14         0.000827738
1.52e-14         0.00710309
1.62e-14         0.00110275
1.72e-14         0.00455515
1.82e-14         0.00260895
1.92e-14         0.00253803
2.02e-14         0.00167925
2.12e-14         0.000901497
2.22e-14         0.000193807
2.32e-14         0.00433257
2.42e-14         0.00104611
2.52e-14         0.00281338
2.62e-14         0.00209673
2.72e-14         0.0015176
2.82e-14         0.000938638
2.92e-14         0.00340281
3.02e-14         0.000104266
3.12e-14         0.000575578
3.22e-14         0.00101762
3.32e-14         0.00143303
3.42e-14         0.00142212
3.52e-14         0.00219304
3.62e-14         0.000525366
3.72e-14         0.00287132
3.82e-14         0.000277491
3.92e-14         0.000648198
4.02e-14         0.00100046
4.12e-14         0.00133563
4.22e-14         0.000975955
4.32e-14         0.0019594
4.42e-14         0.000261694
4.52e-14         7.17327e-05
4.62e-14         0.000390726
4.72e-14         0.000696202
4.82e-14         0.000989003
4.92e-14         0.0012699
5.02e-14         0.000671991
5.12e-14         0.00179878
5.22e-14         7.88418e-05
5.32e-14         0.000201009
5.42e-14         0.000470533
5.52e-14         0.000730291
5.62e-14         0.00099468
5.72e-14         0.00122256
5.82e-14         0.000451591
5.92e-14         0.00168157
6.02e-14         5.54121e-05
6.12e-14         0.000296487
6.22e-14         0.000529811
6.32e-14         0.00075575
6.42e-14         0.000754668
6.52e-14         0.00118684
6.62e-14         0.00028446
6.72e-14         5.98519e-05
6.82e-14         0.000158169
6.92e-14         0.00036989
7.02e-14         0.00100594
7.12e-14         0.000775488
7.22e-14         0.000567844
7.32e-14         0.00115892
7.42e-14         0.000153368
7.52e-14         4.56024e-05
7.62e-14         0.00023935
7.72e-14         0.000428079
7.82e-14         0.000807741
7.92e-14         0.000791239
8.02e-14         0.000418291
8.12e-14         0.00113651
8.22e-14         4.77927e-05
8.32e-14         0.000130777
8.42e-14         0.000305105
8.52e-14         0.000475341
8.62e-14         0.000646335
8.72e-14         0.000804099
8.82e-14         0.000295869
8.92e-14         0.000126529
9.02e-14         3.90553e-05
9.12e-14         0.000201009
9.22e-14         0.000844697
9.32e-14         0.000514489
9.42e-14         0.000512343
9.52e-14         0.000814799
9.62e-14         0.000193807
9.72e-14         3.94554e-05
9.82e-14         0.000111753
9.92e-14         0.000259913
1.002e-13         0.000702892
1.012e-13         0.000547448
1.022e-13         0.000399328
1.032e-13         0.000251959
1.042e-13         0.000107418
1.052e-13         3.43753e-05
1.062e-13         0.000173498
1.072e-13         0.000310025
1.082e-13         0.000582055
1.092e-13         0.000575578
1.102e-13         0.000302722
1.202e-13         3.08634e-05
1.302e-13         0.000539499
1.402e-13         0.000236612
1.502e-13         2.59438e-05
1.602e-13         0.000437302
1.702e-13         0.000458498
1.802e-13         2.26623e-05
1.902e-13         0.00021637
2.002e-13         0.000390726
2.102e-13         2.03174e-05
2.202e-13         0.000187741
2.302e-13         0.000340618
2.402e-13         1.85583e-05
2.502e-13         0.000165977
2.602e-13         0.000124616
2.702e-13         1.71898e-05
2.802e-13         0.000148874
2.902e-13         0.000111089
3.002e-13         1.60949e-05
3.102e-13         0.000135079
3.202e-13         0.000100097
3.302e-13         1.51988e-05
3.402e-13         0.000123717
3.502e-13         9.09883e-05
3.602e-13         1.44521e-05
3.702e-13         0.000185702
3.802e-13         8.3317e-05
3.902e-13         1.38202e-05
4.002e-13         0.000171314
4.102e-13         7.67678e-05
4.202e-13         1.32785e-05
4.302e-13         0.000158933
4.402e-13         7.11112e-05
4.502e-13         1.2809e-05
4.602e-13         9.3082e-05
4.702e-13         0.000169941
4.802e-13         1.23981e-05
4.902e-13         8.77669e-05
5.002e-13         0.000160122
5.102e-13         1.20356e-05
5.202e-13         8.30648e-05
5.302e-13         5.79823e-05
5.402e-13         1.17133e-05
5.502e-13         7.88755e-05
5.602e-13         5.45434e-05
5.702e-13         1.1425e-05
5.802e-13         7.51194e-05
5.902e-13         5.14542e-05
6.002e-13         1.11655e-05
6.102e-13         7.17327e-05
6.202e-13         4.86638e-05
6.302e-13         1.09306e-05
6.402e-13         0.000104755
6.502e-13         4.61309e-05
6.602e-13         1.07172e-05
6.702e-13         9.97867e-05
6.802e-13         4.38214e-05
6.902e-13         1.05223e-05
7.002e-13         9.52443e-05
7.102e-13         4.1707e-05
7.202e-13         0.000143811
7.302e-13         6.09685e-05
7.402e-13         0.000110226
7.502e-13         1.01792e-05
7.602e-13         5.88085e-05
7.702e-13         0.000106175
7.802e-13         1.00274e-05
7.902e-13         5.68124e-05
8.002e-13         0.000102428
8.102e-13         9.88694e-06
8.202e-13         5.49624e-05
8.302e-13         3.47776e-05
8.402e-13         9.75646e-06
8.502e-13         5.32429e-05
8.602e-13         3.33474e-05
8.702e-13         9.63498e-06
8.802e-13         5.16407e-05
8.902e-13         3.20135e-05
9.002e-13         9.5216e-06
9.102e-13         7.18317e-05
9.202e-13         3.07666e-05
9.302e-13         9.41553e-06
9.402e-13         6.93408e-05
9.502e-13         2.95985e-05
9.602e-13         9.31609e-06
9.702e-13         6.70039e-05
9.802e-13         2.85018e-05
9.902e-13         0.000102898
1.0002e-12         4.61928e-05
1.0102e-12         8.2431e-05
1.0202e-12         9.13476e-06
1.0302e-12         4.50292e-05
1.0402e-12         8.02334e-05
1.0502e-12         9.05186e-06
1.0602e-12         4.39314e-05
1.0702e-12         7.8159e-05
1.0802e-12         8.97357e-06
1.0902e-12         4.2894e-05
1.1002e-12         2.47133e-05
1.1102e-12         8.8995e-06
1.2102e-12         5.24801e-05
1.3102e-12         6.49837e-05
1.4102e-12         8.3322e-06
1.5102e-12         4.08168e-05
1.6102e-12         5.40377e-05
1.7102e-12         7.96392e-06
1.8102e-12         3.30194e-05
1.9102e-12         1.15909e-05
2.0102e-12         7.70557e-06
2.1102e-12         2.7439e-05
2.2102e-12         9.17163e-06
2.3102e-12         7.51431e-06
2.4102e-12         2.28157e-05
2.5102e-12         7.33061e-06
2.6102e-12         7.36702e-06
2.7102e-12         2.098e-05
2.8102e-12         5.88267e-06
2.9102e-12         3.08993e-05
3.0102e-12         1.95103e-05
3.1102e-12         4.71405e-06
3.2102e-12         2.74292e-05
3.3102e-12         1.8307e-05
3.4102e-12         3.75104e-06
3.5102e-12         7.07621e-06
3.6102e-12         1.73036e-05
3.7102e-12         2.94377e-06
3.8102e-12         7.0098e-06
3.9102e-12         1.19387e-05
4.0102e-12         2.25728e-06
4.1102e-12         6.95309e-06
4.2102e-12         1.06439e-05
4.3102e-12         1.66635e-06
4.4102e-12         6.90409e-06
4.5102e-12         9.52135e-06
4.6102e-12         1.15233e-06
4.7102e-12         6.86133e-06
4.8102e-12         8.5388e-06
4.9102e-12         2.19094e-05
5.0102e-12         6.8237e-06
5.1102e-12         7.67162e-06
5.2102e-12         3.01868e-07
5.3102e-12         6.79031e-06
5.4102e-12         6.90061e-06
5.5102e-12         5.39073e-08
5.6102e-12         6.7605e-06
5.7102e-12         6.21061e-06
5.8102e-12         3.72943e-07
5.9102e-12         1.20512e-05
6.0102e-12         1.28828e-05
6.1102e-12         6.60651e-07
6.2102e-12         1.11679e-05
6.3102e-12         1.25667e-05
6.4102e-12         9.21429e-07
6.5102e-12         1.0366e-05
6.6102e-12         1.22792e-05
6.7102e-12         1.15889e-06
6.8102e-12         9.63484e-06
6.9102e-12         1.20167e-05
7.0102e-12         1.37603e-06
7.1102e-12         8.96534e-06
7.2102e-12         3.62191e-06
7.3102e-12         1.57534e-06
7.4102e-12         6.63231e-06
7.5102e-12         3.22825e-06
7.6102e-12         1.75894e-06
7.7102e-12         6.61677e-06
7.8102e-12         2.86484e-06
7.9102e-12         1.21067e-05
8.0102e-12         6.60239e-06
8.1102e-12         2.52832e-06
8.2102e-12         1.14366e-05
8.3102e-12         6.58904e-06
8.4102e-12         2.2158e-06
8.5102e-12         2.23207e-06
8.6102e-12         6.57663e-06
8.7102e-12         1.92481e-06
8.8102e-12         2.3683e-06
8.9102e-12         6.56505e-06
9.0102e-12         1.6532e-06
9.1102e-12         2.49556e-06
9.2102e-12         5.50005e-06
9.3102e-12         1.39909e-06
9.4102e-12         2.6147e-06
9.5102e-12         5.12993e-06
9.6102e-12         1.16085e-06
9.7102e-12         2.72649e-06
9.8102e-12         4.78246e-06
9.9102e-12         1.02658e-05
1.00102e-11         2.83157e-06
1.01102e-11         4.4556e-06
1.02102e-11         7.26363e-07
1.03102e-11         2.93053e-06
1.04102e-11         4.14759e-06
1.05102e-11         5.27724e-07
1.06102e-11         3.0239e-06
1.07102e-11         3.85682e-06
1.08102e-11         3.40109e-07
1.09102e-11         3.11214e-06
1.10102e-11         6.50168e-06
1.11102e-11         1.62626e-07
1.21102e-11         5.7463e-06
1.31102e-11         2.00978e-06
1.41102e-11         1.19712e-06
1.51102e-11         3.36796e-06
1.61102e-11         4.74875e-07
1.71102e-11         4.40862e-06
1.81102e-11         1.77757e-06
1.91102e-11         5.78122e-07
2.01102e-11         2.82116e-06
2.11102e-11         6.3921e-07
2.21102e-11         3.67595e-06
2.31102e-11         1.64584e-06
2.41102e-11         2.15863e-07
2.51102e-11         2.49212e-06
2.61102e-11         7.40606e-07
2.71102e-11         3.21353e-06
2.81102e-11         1.56097e-06
2.91102e-11         2.19519e-08
3.01102e-11         2.27236e-06
3.11102e-11         8.0941e-07
3.21102e-11         2.89512e-06
3.31102e-11         1.50174e-06
3.41102e-11         1.90047e-07
3.51102e-11         2.11519e-06
3.61102e-11         8.59159e-07
3.71102e-11         2.66252e-06
3.81102e-11         1.45804e-06
3.91102e-11         3.15162e-07
4.01102e-11         1.9972e-06
4.11102e-11         8.96807e-07
4.21102e-11         2.48515e-06
4.31102e-11         1.42448e-06
4.41102e-11         2.10502e-06
4.51102e-11         1.90537e-06
4.61102e-11         1.48147e-06
4.71102e-11         2.34543e-06
4.81102e-11         9.09765e-07
4.91102e-11         1.77171e-06
5.01102e-11         3.83697e-07
5.11102e-11         1.22221e-06
5.21102e-11         1.01991e-07
5.31102e-11         7.1409e-07
5.41102e-11         1.50001e-06
5.51102e-11         2.42851e-07
5.61102e-11         1.00915e-06
5.71102e-11         1.95381e-07
5.81102e-11         5.52088e-07
5.91102e-11         1.27427e-06
6.01102e-11         1.25437e-07
6.11102e-11         8.30963e-07
6.21102e-11         2.73736e-07
6.31102e-11         4.15756e-07
6.41102e-11         1.08374e-06
6.51102e-11         2.60566e-08
6.61102e-11         6.79725e-07
6.71102e-11         3.40415e-07
6.81102e-11         2.9944e-07
6.91102e-11         9.20777e-07
7.01102e-11         5.91493e-08
7.11102e-11         5.49756e-07
7.21102e-11         3.97847e-07
7.31102e-11         1.99034e-07
7.41102e-11         7.79806e-07
7.51102e-11         1.33011e-07
7.61102e-11         4.36863e-07
7.71102e-11         4.47831e-07
7.81102e-11         1.11482e-07
7.91102e-11         6.56655e-07
8.01102e-11         1.97653e-07
8.11102e-11         3.37889e-07
8.21102e-11         4.91728e-07
8.31102e-11         3.44644e-08
8.41102e-11         5.48145e-07
8.51102e-11         2.547e-07
8.61102e-11         2.50408e-07
8.71102e-11         5.30585e-07
8.81102e-11         3.3812e-08
8.91102e-11         4.51812e-07
9.01102e-11         3.05415e-07
9.11102e-11         1.72529e-07
9.21102e-11         5.65224e-07
9.31102e-11         9.47555e-08
9.41102e-11         3.65715e-07
9.51102e-11         3.50799e-07
9.61102e-11         1.02753e-07
9.71102e-11         5.96296e-07
9.81102e-11         1.49487e-07
9.91102e-11         2.88305e-07
1.0011e-10         3.91649e-07
1.0111e-10         3.98785e-08
1.0211e-10         6.24325e-07
1.0311e-10         1.98911e-07
1.0411e-10         2.18331e-07
1.0511e-10         4.28613e-07
1.0611e-10         1.70709e-08
1.0711e-10         6.49737e-07
1.0811e-10         2.43763e-07
1.0911e-10         1.5477e-07
1.1011e-10         4.6222e-07
1.1111e-10         6.88948e-08
1.2111e-10         1.59705e-07
1.3111e-10         2.36663e-07
1.4111e-10         4.84063e-07
1.5111e-10         3.74688e-07
1.6111e-10         2.78891e-07
1.7111e-10         1.94291e-07
1.8111e-10         1.19033e-07
1.9111e-10         5.16512e-08
2.0111e-10         9.02976e-09
2.1111e-10         6.39619e-08
2.2111e-10         1.13925e-07
2.3111e-10         3.20822e-07
2.4111e-10         2.59044e-07
2.5111e-10         2.02187e-07
2.6111e-10         1.49684e-07
2.7111e-10         1.01055e-07
2.8111e-10         5.58856e-08
2.9111e-10         1.38194e-08
3.0111e-10         2.54527e-08
3.1111e-10         6.22002e-08
3.2111e-10         2.49086e-07
3.3111e-10         2.06267e-07
3.4111e-10         1.65958e-07
3.5111e-10         1.27946e-07
3.6111e-10         9.20383e-08
3.7111e-10         5.80661e-08
3.8111e-10         2.58768e-08
3.9111e-10         4.66657e-09
4.0111e-10         3.3687e-08
4.1111e-10         2.08759e-07
4.2111e-10         1.76049e-07
4.3111e-10         1.44856e-07
4.4111e-10         1.15078e-07
4.5111e-10         8.66194e-08
4.6111e-10         5.93955e-08
4.7111e-10         3.33273e-08
4.8111e-10         8.34277e-09
4.9111e-10         1.56243e-08
5.0111e-10         1.82918e-07
5.1111e-10         1.56473e-07
5.2111e-10         1.31043e-07
5.3111e-10         1.06571e-07
5.4111e-10         8.30032e-08
5.5111e-10         6.02907e-08
5.6111e-10         3.83878e-08
5.7111e-10         1.72519e-08
5.8111e-10         3.15656e-09
5.9111e-10         2.28745e-08
6.0111e-10         1.42759e-07
6.1111e-10         1.21299e-07
6.2111e-10         1.00529e-07
6.3111e-10         8.04183e-08
6.4111e-10         6.09345e-08
6.5111e-10         4.20493e-08
6.6111e-10         2.37353e-08
6.7111e-10         5.96717e-09
6.8111e-10         1.12793e-08
6.9111e-10         1.32617e-07
7.0111e-10         1.14056e-07
7.1111e-10         9.60171e-08
7.2111e-10         7.84786e-08
7.3111e-10         6.14199e-08
7.4111e-10         4.48215e-08
7.5111e-10         2.8665e-08
7.6111e-10         1.29332e-08
7.7111e-10         2.39068e-09
7.8111e-10         1.24812e-07
7.9111e-10         1.08461e-07
8.0111e-10         9.25187e-08
8.1111e-10         7.69694e-08
8.2111e-10         6.17988e-08
8.3111e-10         4.69933e-08
8.4111e-10         3.25398e-08
8.5111e-10         1.84259e-08
8.6111e-10         4.63989e-09
8.7111e-10         1.1862e-07
8.8111e-10         1.04009e-07
8.9111e-10         8.9727e-08
9.0111e-10         7.57617e-08
9.1111e-10         6.21029e-08
9.2111e-10         4.87407e-08
9.3111e-10         3.56655e-08
9.4111e-10         2.28681e-08
9.5111e-10         1.03399e-08
9.6111e-10         1.13587e-07
9.7111e-10         1.00383e-07
9.8111e-10         8.74474e-08
9.9111e-10         7.47733e-08
1.00111e-09         6.23523e-08
1.01111e-09         5.0177e-08
1.02111e-09         3.82402e-08
1.03111e-09         2.65349e-08
1.04111e-09         1.50544e-08
1.05111e-09         1.09416e-07
1.06111e-09         9.73712e-08
1.07111e-09         1.81006e-08
1.08111e-09         2.87434e-08
1.09111e-09         3.91912e-08
1.10111e-09         4.94491e-08
1.11111e-09         5.95224e-08
1.21111e-09         5.94364e-08
1.31111e-09         5.93636e-08
1.41111e-09         5.9301e-08
1.51111e-09         5.92467e-08
1.61111e-09         9.71121e-09
1.71111e-09         5.72595e-09
1.81111e-09         2.18078e-09
1.91111e-09         9.93389e-10
2.01111e-09         3.85189e-09
2.11111e-09         6.43959e-09
2.21111e-09         8.79322e-09
2.31111e-09         1.09432e-08
2.41111e-09         1.29148e-08
2.51111e-09         1.47294e-08
2.61111e-09         1.6405e-08
2.71111e-09         2.29939e-08
2.81111e-09         2.00956e-08
2.91111e-09         1.73964e-08
3.01111e-09         1.48765e-08
3.11111e-09         1.25185e-08
3.21111e-09         1.03075e-08
3.31111e-09         8.22998e-09
3.41111e-09         6.27428e-09
3.51111e-09         4.42999e-09
3.61111e-09         2.68783e-09
3.71111e-09         1.03957e-09
3.81111e-09         2.96534e-08
3.91111e-09         2.0041e-09
4.01111e-09         3.41211e-09
4.11111e-09         4.75163e-09
4.21111e-09         6.02752e-09
4.31111e-09         7.24423e-09
4.41111e-09         8.40577e-09
4.51111e-09         9.51581e-09
4.61111e-09         1.05777e-08
4.71111e-09         1.15945e-08
4.81111e-09         1.25691e-08
4.91111e-09         1.35039e-08
5.01111e-09         7.75375e-09
5.11111e-09         6.45786e-09
5.21111e-09         5.21169e-09
5.31111e-09         4.01246e-09
5.41111e-09         2.85755e-09
5.51111e-09         1.74455e-09
5.61111e-09         6.71221e-10
5.71111e-09         3.6452e-10
5.81111e-09         1.36461e-09
5.91111e-09         2.33087e-09
6.01111e-09         3.26497e-09
6.11111e-09         1.39988e-08
6.21111e-09         1.28318e-08
6.31111e-09         1.17019e-08
6.41111e-09         1.06072e-08
6.51111e-09         7.50512e-09
6.61111e-09         8.27618e-09
6.71111e-09         9.02427e-09
6.81111e-09         9.75039e-09
6.91111e-09         1.04555e-08
7.01111e-09         1.11405e-08
7.11111e-09         1.18062e-08
7.21111e-09         1.24535e-08
7.31111e-09         1.3083e-08
7.41111e-09         1.28493e-09
7.51111e-09         4.89225e-10
7.61111e-09         2.85567e-10
7.71111e-09         1.04026e-09
7.81111e-09         1.77564e-09
7.91111e-09         2.49242e-09
8.01111e-09         3.1913e-09
8.11111e-09         3.87296e-09
8.21111e-09         4.53801e-09
8.31111e-09         5.18706e-09
8.41111e-09         5.82067e-09
8.51111e-09         6.605e-09
8.61111e-09         5.84916e-09
8.71111e-09         5.11068e-09
8.81111e-09         4.38896e-09
8.91111e-09         3.68343e-09
9.01111e-09         2.99357e-09
9.11111e-09         2.31885e-09
9.21111e-09         1.03943e-08
9.31111e-09         1.09108e-08
9.41111e-09         1.14162e-08
9.51111e-09         1.19111e-08
9.61111e-09         1.23956e-08
9.71111e-09         1.28702e-08
9.81111e-09         2.01908e-09
9.91111e-09         2.58877e-09
1.00111e-08         3.14707e-09
1.01111e-08         3.69433e-09
1.02111e-08         4.23087e-09
1.03111e-08         4.757e-09
1.04111e-08         5.27303e-09
1.05111e-08         5.77923e-09
1.06111e-08         6.2759e-09
1.07111e-08         6.76329e-09
1.08111e-08         7.24167e-09
1.09111e-08         2.46388e-09
1.10111e-08         1.9104e-09
1.11111e-08         1.36688e-09
1.21111e-08         1.27417e-08
1.31111e-08         7.76247e-09
1.41111e-08         3.48897e-09
1.51111e-08         7.12815e-09
1.61111e-08         3.42454e-09
1.71111e-08         6.64212e-09
1.81111e-08         9.50439e-09
1.91111e-08         6.25782e-09
2.01111e-08         8.85455e-09
2.11111e-08         1.12053e-08
2.21111e-08         8.32227e-09
2.31111e-08         1.04926e-08
2.41111e-08         7.8783e-09
2.51111e-08         9.89345e-09
2.61111e-08         1.17543e-08
2.71111e-08         9.38269e-09
2.81111e-08         1.50787e-08
2.91111e-08         1.27559e-08
3.01111e-08         1.05873e-08
3.11111e-08         1.56953e-08
3.21111e-08         1.35703e-08
3.31111e-08         1.15737e-08
3.41111e-08         1.62035e-08
3.51111e-08         1.42456e-08
3.61111e-08         1.54706e-08
3.71111e-08         1.66295e-08
3.81111e-08         1.48146e-08
3.91111e-08         1.87697e-08
4.01111e-08         1.69918e-08
4.11111e-08         1.53005e-08
4.21111e-08         1.89623e-08
4.31111e-08         1.73037e-08
4.41111e-08         2.07541e-08
4.51111e-08         1.91293e-08
4.61111e-08         1.7575e-08
4.71111e-08         2.07999e-08
4.81111e-08         1.92755e-08
4.91111e-08         2.00738e-08
5.01111e-08         2.08402e-08
5.11111e-08         2.15767e-08
5.21111e-08         2.22849e-08
5.31111e-08         2.29664e-08
5.41111e-08         2.1571e-08
5.51111e-08         2.42552e-08
5.61111e-08         2.28866e-08
5.71111e-08         2.35098e-08
5.81111e-08         2.41116e-08
5.91111e-08         2.46931e-08
6.01111e-08         2.71021e-08
6.11111e-08         2.57989e-08
6.21111e-08         2.6325e-08
6.31111e-08         2.68346e-08
6.41111e-08         2.73282e-08
6.51111e-08         2.61015e-08
6.61111e-08         2.82706e-08
6.71111e-08         2.87208e-08
6.81111e-08         2.75277e-08
6.91111e-08         2.9582e-08
7.01111e-08         2.84107e-08
7.11111e-08         3.03948e-08
7.21111e-08         3.07843e-08
7.31111e-08         2.96446e-08
7.41111e-08         3.15317e-08
7.51111e-08         3.18905e-08
7.61111e-08         3.07812e-08
7.71111e-08         3.25802e-08
7.81111e-08         3.29118e-08
7.91111e-08         3.3235e-08
8.01111e-08         3.35501e-08
8.11111e-08         3.38575e-08
8.21111e-08         3.55095e-08
8.31111e-08         3.445e-08
8.41111e-08         3.47357e-08
8.51111e-08         3.63192e-08
8.61111e-08         3.65765e-08
8.71111e-08         3.6828e-08
8.81111e-08         3.70737e-08
8.91111e-08         3.7314e-08
9.01111e-08         3.87809e-08
9.11111e-08         3.77786e-08
9.21111e-08         3.80034e-08
9.31111e-08         3.94156e-08
9.41111e-08         3.96182e-08
9.51111e-08         4.09838e-08
9.61111e-08         4.00107e-08
9.71111e-08         4.02009e-08
9.81111e-08         4.15189e-08
9.91111e-08         4.169e-08
1.00111e-07         4.18577e-08
1.01111e-07         4.31202e-08
1.02111e-07         4.32706e-08
1.03111e-07         4.34181e-08
1.04111e-07         4.35628e-08
1.05111e-07         4.37047e-08
1.06111e-07         4.48903e-08
1.07111e-07         4.50171e-08
1.08111e-07         4.51417e-08
1.09111e-07         4.62814e-08
1.10111e-07         4.63922e-08
1.11111e-07         4.75002e-08
1.21111e-07         5.1157e-08
1.31111e-07         5.51027e-08
1.41111e-07         5.9276e-08
1.51111e-07         6.28969e-08
1.61111e-07         6.74466e-08
1.71111e-07         7.21133e-08
1.81111e-07         7.62646e-08
1.91111e-07         7.99815e-08
2.01111e-07         8.44329e-08
2.11111e-07         8.89884e-08
2.21111e-07         9.26298e-08
2.31111e-07         9.69168e-08
2.41111e-07         1.01309e-07
2.51111e-07         1.05793e-07
2.61111e-07         1.09508e-07
2.71111e-07         1.14178e-07
2.81111e-07         1.18516e-07
2.91111e-07         1.22556e-07
3.01111e-07         1.26696e-07
3.11111e-07         1.30927e-07
3.21111e-07         1.3524e-07
3.31111e-07         1.39292e-07
3.41111e-07         1.43433e-07
3.51111e-07         1.47654e-07
3.61111e-07         1.51948e-07
3.71111e-07         1.56011e-07
3.81111e-07         1.60443e-07
3.91111e-07         1.64649e-07
4.01111e-07         1.68922e-07
4.11111e-07         1.72987e-07
4.21111e-07         1.77122e-07
4.31111e-07         1.81324e-07
4.41111e-07         1.85334e-07
4.51111e-07         1.89659e-07
4.61111e-07         1.94038e-07
4.71111e-07         1.9823e-07
4.81111e-07         2.02248e-07
4.91111e-07         2.06555e-07
5.01111e-07         2.10911e-07
5.11111e-07         2.15097e-07
5.21111e-07         2.19122e-07
5.31111e-07         2.23414e-07
5.41111e-07         2.27752e-07
5.51111e-07         2.31732e-07
5.61111e-07         2.35965e-07
5.71111e-07         2.40244e-07
5.81111e-07         2.44567e-07
5.91111e-07         2.48557e-07
6.01111e-07         2.52967e-07
6.11111e-07         2.57233e-07
6.21111e-07         2.61362e-07
6.31111e-07         2.65536e-07
6.41111e-07         2.69752e-07
6.51111e-07         2.7401e-07
6.61111e-07         2.78139e-07
6.71111e-07         2.8231e-07
6.81111e-07         2.86522e-07
6.91111e-07         2.90773e-07
7.01111e-07         2.94902e-07
7.11111e-07         2.99228e-07
7.21111e-07         3.03433e-07
7.31111e-07         3.07675e-07
7.41111e-07         3.11803e-07
7.51111e-07         3.15969e-07
7.61111e-07         3.20317e-07
7.71111e-07         3.24408e-07
7.81111e-07         3.28679e-07
7.91111e-07         3.32842e-07
8.01111e-07         3.37178e-07
8.11111e-07         3.4127e-07
8.21111e-07         3.45398e-07
8.31111e-07         3.49693e-07
8.41111e-07         3.53887e-07
8.51111e-07         3.58112e-07
8.61111e-07         3.62239e-07
8.71111e-07         3.66527e-07
8.81111e-07         3.70717e-07
8.91111e-07         3.74937e-07
9.01111e-07         3.79188e-07
9.11111e-07         3.83344e-07
9.21111e-07         3.87532e-07
9.31111e-07         3.91748e-07
9.41111e-07         3.95993e-07
9.51111e-07         4.00265e-07
9.61111e-07         4.04333e-07
9.71111e-07         4.08545e-07
9.81111e-07         4.12785e-07
9.91111e-07         4.1694e-07
1.00111e-06         4.21233e-07
1.01111e-06         4.25441e-07
1.02111e-06         4.29676e-07
1.03111e-06         4.33828e-07
1.04111e-06         4.38008e-07
1.05111e-06         4.42213e-07
1.06111e-06         4.46549e-07
1.07111e-06         4.50596e-07
1.08111e-06         4.54876e-07
1.09111e-06         4.59078e-07
1.10111e-06         4.63204e-07
1.11111e-06         4.67455e-07
1.21111e-06         5.09497e-07
1.31111e-06         5.51647e-07
1.41111e-06         5.93723e-07
1.51111e-06         6.35741e-07
1.61111e-06         6.77848e-07
1.71111e-06         7.19966e-07
1.81111e-06         7.62029e-07
1.91111e-06         8.04048e-07
2.01111e-06         8.46194e-07
2.11111e-06         8.88239e-07
2.21111e-06         9.30297e-07
2.31111e-06         9.72366e-07
2.41111e-06         1.01444e-06
2.51111e-06         1.05653e-06
2.61111e-06         1.09859e-06
2.71111e-06         1.14065e-06
2.81111e-06         1.18276e-06
2.91111e-06         1.2248e-06
3.01111e-06         1.26689e-06
3.11111e-06         1.30895e-06
3.21111e-06         1.35105e-06
3.31111e-06         1.39312e-06
3.41111e-06         1.43517e-06
3.51111e-06         1.47722e-06
3.61111e-06         1.51934e-06
3.71111e-06         1.56141e-06
3.81111e-06         1.60346e-06
3.91111e-06         1.64554e-06
4.01111e-06         1.68762e-06
4.11111e-06         1.72969e-06
4.21111e-06         1.77175e-06
4.31111e-06         1.81386e-06
4.41111e-06         1.85591e-06
4.51111e-06         1.898e-06
4.61111e-06         1.94006e-06
4.71111e-06         1.98215e-06
4.81111e-06         2.02421e-06
4.91111e-06         2.06629e-06
5.01111e-06         2.10835e-06
5.11111e-06         2.15044e-06
5.21111e-06         2.19251e-06
5.31111e-06         2.23456e-06
5.41111e-06         2.27665e-06
5.51111e-06         2.31873e-06
5.61111e-06         2.3608e-06
5.71111e-06         2.40287e-06
5.81111e-06         2.44493e-06
5.91111e-06         2.48703e-06
6.01111e-06         2.52909e-06
6.11111e-06         2.57116e-06
6.21111e-06         2.61325e-06
6.31111e-06         2.65531e-06
6.41111e-06         2.69738e-06
6.51111e-06         2.73946e-06
6.61111e-06         2.78155e-06
6.71111e-06         2.8236e-06
6.81111e-06         2.86568e-06
6.91111e-06         2.90775e-06
7.01111e-06         2.94983e-06
7.11111e-06         2.9919e-06
7.21111e-06         3.03397e-06
7.31111e-06         3.07604e-06
7.41111e-06         3.11813e-06
7.51111e-06         3.1602e-06
7.61111e-06         3.20227e-06
7.71111e-06         3.24433e-06
7.81111e-06         3.28643e-06
7.91111e-06         3.32849e-06
8.01111e-06         3.37056e-06
8.11111e-06         3.41265e-06
8.21111e-06         3.45471e-06
8.31111e-06         3.49679e-06
8.41111e-06         3.53885e-06
8.51111e-06         3.58094e-06
8.61111e-06         3.62301e-06
8.71111e-06         3.66507e-06
8.81111e-06         3.70715e-06
8.91111e-06         3.74923e-06
9.01111e-06         3.7913e-06
9.11111e-06         3.83338e-06
9.21111e-06         3.87544e-06
9.31111e-06         3.91753e-06
9.41111e-06         3.9596e-06
9.51111e-06         4.00167e-06
9.61111e-06         4.04373e-06
9.71111e-06         4.08582e-06
9.81111e-06         4.12789e-06
9.91111e-06         4.16996e-06
1.00111e-05         4.21204e-06
1.01111e-05         4.25411e-06
1.02111e-05         4.29619e-06
1.03111e-05         4.33826e-06
1.04111e-05         4.38034e-06
1.05111e-05         4.42241e-06
1.06111e-05         4.46448e-06
1.07111e-05         4.50655e-06
1.08111e-05         4.54863e-06
1.09111e-05         4.5907e-06
1.10111e-05         4.63277e-06
1.11111e-05         4.67485e-06
1.21111e-05         5.09559e-06
1.31111e-05         5.51633e-06
1.41111e-05         5.93706e-06
1.51111e-05         6.3578e-06
1.61111e-05         6.77854e-06
1.71111e-05         7.19928e-06
1.81111e-05         7.62002e-06
1.91111e-05         8.04075e-06
2.01111e-05         8.46149e-06
2.11111e-05         8.88223e-06
2.21111e-05         9.30297e-06
2.31111e-05         9.72371e-06
2.41111e-05         1.01445e-05
2.51111e-05         1.05652e-05
2.61111e-05         1.09859e-05
2.71111e-05         1.14067e-05
2.81111e-05         1.18274e-05
2.91111e-05         1.22482e-05
3.01111e-05         1.26689e-05
3.11111e-05         1.30896e-05
3.21111e-05         1.35104e-05
3.31111e-05         1.39311e-05
3.41111e-05         1.43519e-05
3.51111e-05         1.47726e-05
3.61111e-05         1.51933e-05
3.71111e-05         1.56141e-05
3.81111e-05         1.60348e-05
3.91111e-05         1.64556e-05
4.01111e-05         1.68763e-05
4.11111e-05         1.72971e-05
4.21111e-05         1.77178e-05
4.31111e-05         1.81385e-05
4.41111e-05         1.85593e-05
4.51111e-05         1.898e-05
4.61111e-05         1.94008e-05
4.71111e-05         1.98215e-05
4.81111e-05         2.02423e-05
4.91111e-05         2.0663e-05
5.01111e-05         2.10837e-05
5.11111e-05         2.15045e-05
5.21111e-05         2.19252e-05
5.31111e-05         2.2346e-05
5.41111e-05         2.27667e-05
5.51111e-05         2.31875e-05
5.61111e-05         2.36082e-05
5.71111e-05         2.4029e-05
5.81111e-05         2.44497e-05
5.91111e-05         2.48705e-05
6.01111e-05         2.52912e-05
6.11111e-05         2.57119e-05
6.21111e-05         2.61327e-05
6.31111e-05         2.65534e-05
6.41111e-05         2.69742e-05
6.51111e-05         2.73949e-05
6.61111e-05         2.78157e-05
6.71111e-05         2.82364e-05
6.81111e-05         2.86572e-05
6.91111e-05         2.90779e-05
7.01111e-05         2.94987e-05
7.11111e-05         2.99194e-05
7.21111e-05         3.03402e-05
7.31111e-05         3.07609e-05
7.41111e-05         3.11817e-05
7.51111e-05         3.16024e-05
7.61111e-05         3.20232e-05
7.71111e-05         3.24439e-05
7.81111e-05         3.28647e-05
7.91111e-05         3.32854e-05
8.01111e-05         3.37062e-05
8.11111e-05         3.41269e-05
8.21111e-05         3.45477e-05
8.31111e-05         3.49684e-05
8.41111e-05         3.53892e-05
8.51111e-05         3.58099e-05
8.61111e-05         3.62307e-05
8.71111e-05         3.66514e-05
8.81111e-05         3.70722e-05
8.91111e-05         3.74929e-05
9.01111e-05         3.79137e-05
9.11111e-05         3.83344e-05
9.21111e-05         3.87552e-05
9.31111e-05         3.91759e-05
9.41111e-05         3.95967e-05
9.51111e-05         4.00174e-05
9.61111e-05         4.04382e-05
9.71111e-05         4.08589e-05
9.81111e-05         4.12797e-05
9.91111e-05         4.17004e-05
0.000100111         4.21212e-05
0.000101111         4.2542e-05
0.000102111         4.29627e-05
0.000103111         4.33835e-05
0.000104111         4.38042e-05
0.000105111         4.4225e-05
0.000106111         4.46457e-05
0.000107111         4.50665e-05
0.000108111         4.54872e-05
0.000109111         4.5908e-05
0.000110111         4.63287e-05
0.000111111         4.67495e-05
0.000121111         5.09571e-05
0.000131111         5.51646e-05
0.000141111         5.93722e-05
0.000151111         6.35799e-05
0.000161111         6.77875e-05
0.000171111         7.19952e-05
0.000181111         7.62028e-05
0.000191111         8.04105e-05
0.000201111         8.46182e-05
0.000211111         8.8826e-05
0.000221111         9.30337e-05
0.000231111         9.72415e-05
0.000241111         0.000101449
0.000251111         0.000105657
0.000261111         0.000109865
0.000271111         0.000114073
0.000281111         0.000118281
0.000291111         0.000122488
0.000301111         0.000126696
0.000311111         0.000130904
0.000321111         0.000135112
0.000331111         0.00013932
0.000341111         0.000143528
0.000351111         0.000147736
0.000361111         0.000151944
0.000371111         0.000156152
0.000381111         0.00016036
0.000391111         0.000164568
0.000401111         0.000168776
0.000411111         0.000172984
0.000421111         0.000177192
0.000431111         0.0001814
0.000441111         0.000185609
0.000451111         0.000189817
0.000461111         0.000194025
0.000471111         0.000198233
0.000481111         0.000202441
0.000491111         0.00020665
0.000501111         0.000210858
0.000511111         0.000215066
0.000521111         0.000219274
0.000531111         0.000223483
0.000541111         0.000227691
0.000551111         0.000231899
0.000561111         0.000236108
0.000571111         0.000240316
0.000581111         0.000244524
0.000591111         0.000248733
0.000601111         0.000252941
0.000611111         0.00025715
0.000621111         0.000261358
0.000631111         0.000265567
0.000641111         0.000269775
0.000651111         0.000273984
0.000661111         0.000278192
0.000671111         0.000282401
0.000681111         0.000286609
0.000691111         0.000290818
0.000701111         0.000295027
0.000711111         0.000299235
0.000721111         0.000303444
0.000731111         0.000307653
0.000741111         0.000311861
0.000751111         0.00031607
0.000761111         0.000320279
0.000771111         0.000324487
0.000781111         0.000328696
0.000791111         0.000332905
0.000801111         0.000337114
0.000811111         0.000341322
0.000821111         0.000345531
0.000831111         0.00034974
0.000841111         0.000353949
0.000851111         0.000358158
0.000861111         0.000362367
0.000871111         0.000366576
0.000881111         0.000370785
0.000891111         0.000374994
0.000901111         0.000379203
0.000911111         0.000383412
0.000921111         0.000387621
0.000931111         0.00039183
0.000941111         0.000396039
0.000951111         0.000400248
0.000961111         0.000404457
0.000971111         0.000408666
0.000981111         0.000412875
0.000991111         0.000417084
0.00100111         0.000421293
0.00101111         0.000425502
0.00102111         0.000429712
0.00103111         0.000433921
0.00104111         0.00043813
0.00105111         0.000442339
0.00106111         0.000446548
0.00107111         0.000450758
0.00108111         0.000454967
0.00109111         0.000459176
0.00110111         0.000463386
0.00111111         0.000467595
0.00121111         0.000509689
0.00131111         0.000551786
0.00141111         0.000593884
0.00151111         0.000635984
0.00161111         0.000678085
0.00171111         0.000720189
0.00181111         0.000762294
0.00191111         0.000804401
0.00201111         0.00084651
0.00211111         0.00088862
0.00221111         0.000930733
0.00231111         0.000972847
0.00241111         0.00101496
0.00251111         0.00105708
0.00261111         0.0010992
0.00271111         0.00114132
0.00281111         0.00118345
0.00291111         0.00122557
0.00301111         0.0012677
0.00311111         0.00130983
0.00321111         0.00135196
0.00331111         0.00139409
0.00341111         0.00143622
0.00351111         0.00147836
0.00361111         0.0015205
0.00371111         0.00156263
0.00381111         0.00160478
0.00391111         0.00164692
0.00401111         0.00168906
0.00411111         0.00173121
0.00421111         0.00177336
0.00431111         0.00181551
0.00441111         0.00185766
0.00451111         0.00189981
0.00461111         0.00194197
0.00471111         0.00198413
0.00481111         0.00202629
0.00491111         0.00206845
0.00501111         0.00211061
0.00511111         0.00215277
0.00521111         0.00219494
0.00531111         0.00223711
0.00541111         0.00227928
0.00551111         0.00232145
0.00561111         0.00236362
0.00571111         0.0024058
0.00581111         0.00244797
0.00591111         0.00249015
0.00601111         0.00253233
0.00611111         0.00257452
0.00621111         0.0026167
0.00631111         0.00265889
0.00641111         0.00270107
0.00651111         0.00274326
0.00661111         0.00278545
0.00671111         0.00282765
0.00681111         0.00286984
0.00691111         0.00291204
0.00701111         0.00295424
0.00711111         0.00299644
0.00721111         0.00303864
0.00731111         0.00308084
0.00741111         0.00312305
0.00751111         0.00316526
0.00761111         0.00320747
0.00771111         0.00324968
0.00781111         0.00329189
0.00791111         0.0033341
0.00801111         0.00337632
0.00811111         0.00341854
0.00821111         0.00346076
0.00831111         0.00350298
0.00841111         0.0035452
0.00851111         0.00358743
0.00861111         0.00362966
0.00871111         0.00367188
0.00881111         0.00371411
0.00891111         0.00375635
0.00901111         0.00379858
0.00911111         0.00384082
0.00921111         0.00388305
0.00931111         0.00392529
0.00941111         0.00396753
0.00951111         0.00400978
0.00961111         0.00405202
0.00971111         0.00409427
0.00981111         0.00413652
0.00991111         0.00417877
0.0100111         0.00422102
0.0101111         0.00426327
0.0102111         0.00430553
0.0103111         0.00434779
0.0104111         0.00439005
0.0105111         0.00443231
0.0106111         0.00447457
0.0107111         0.00451683
0.0108111         0.0045591
0.0109111         0.00460137
0.0110111         0.00464364
0.0111111         0.00468591
0.0121111         0.00510872
0.0131111         0.00553171
0.0141111         0.00595488
0.0151111         0.00637822
0.0161111         0.00680174
0.0171111         0.00722544
0.0181111         0.00764932
0.0191111         0.00807337
0.0201111         0.00849759
0.0211111         0.008922
0.0221111         0.00934657
0.0231111         0.00977133
0.0241111         0.0101963
0.0251111         0.0106214
0.0261111         0.0110466
0.0271111         0.0114721
0.0281111         0.0118977
0.0291111         0.0123235
0.0301111         0.0127495
0.0311111         0.0131756
0.0321111         0.013602
0.0331111         0.0140285
0.0341111         0.0144551
0.0351111         0.014882
0.0361111         0.015309
0.0371111         0.0157362
0.0381111         0.0161635
0.0391111         0.0165911
0.0401111         0.0170188
0.0411111         0.0174467
0.0421111         0.0178747
0.0431111         0.0183029
0.0441111         0.0187313
0.0451111         0.0191599
0.0461111         0.0195886
0.0471111         0.0200175
0.0481111         0.0204466
0.0491111         0.0208758
0.0501111         0.0213052
0.0511111         0.0217348
0.0521111         0.0221645
0.0531111         0.0225945
0.0541111         0.0230245
0.0551111         0.0234548
0.0561111         0.0238852
0.0571111         0.0243158
0.0581111         0.0247466
0.0591111         0.0251775
0.0601111         0.0256086
0.0611111         0.0260398
0.0621111         0.0264713
0.0631111         0.0269029
0.0641111         0.0273346
0.0651111         0.0277666
0.0661111         0.0281987
0.0671111         0.0286309
0.0681111         0.0290633
0.0691111         0.0294959
0.0701111         0.0299287
0.0711111         0.0303616
0.0721111         0.0307947
0.0731111         0.031228
0.0741111         0.0316614
0.0751111         0.0320949
0.0761111         0.0325287
0.0771111         0.0329626
0.0781111         0.0333967
0.0791111         0.0338309
0.0801111         0.0342653
0.0811111         0.0346999
0.0821111         0.0351346
0.0831111         0.0355695
0.0841111         0.0360045
0.0851111         0.0364397
0.0861111         0.0368751
0.0871111         0.0373106
0.0881111         0.0377463
0.0891111         0.0381822
0.0901111         0.0386182
0.0911111         0.0390544
0.0921111         0.0394907
0.0931111         0.0399272
0.0941111         0.0403639
0.0951111         0.0408007
0.0961111         0.0412377
0.0971111         0.0416748
0.0981111         0.0421121
0.0991111         0.0425496
0.100111         0.0429872
0.101111         0.043425
0.102111         0.0438629
0.103111         0.044301
0.104111         0.0447392
0.105111         0.0451776
0.106111         0.0456162
0.107111         0.0460549
0.108111         0.0464938
0.109111         0.0469328
0.110111         0.047372
0.111111         0.0478114
0.121111         0.0522134
0.131111         0.0566308
0.141111         0.0610633
0.151111         0.0655108
0.161111         0.0699731
0.171111         0.0744498
0.181111         0.0789407
0.191111         0.0834457
0.201111         0.0879646
0.211111         0.092497
0.221111         0.0970427
0.231111         0.101602
0.241111         0.106173
0.251111         0.110758
0.261111         0.115355
0.271111         0.119964
0.281111         0.124585
0.291111         0.129217
0.301111         0.133862
0.311111         0.138517
0.321111         0.143183
0.331111         0.147861
0.341111         0.152549
0.351111         0.157247
0.361111         0.161955
0.371111         0.166673
0.381111         0.1714
0.391111         0.176137
0.401111         0.180883
0.411111         0.185638
0.421111         0.190402
0.431111         0.195173
0.441111         0.199953
0.451111         0.204741
0.461111         0.209537
0.471111         0.21434
0.481111         0.21915
0.491111         0.223967
0.501111         0.228791
0.511111         0.233621
0.521111         0.238457
0.531111         0.243299
0.541111         0.248147
0.551111         0.253
0.561111         0.257859
0.571111         0.262722
0.581111         0.267591
0.591111         0.272463
0.601111         0.27734
0.611111         0.282221
0.621111         0.287105
0.631111         0.291993
0.641111         0.296884
0.651111         0.301778
0.661111         0.306675
0.671111         0.311575
0.681111         0.316476
0.691111         0.32138
0.701111         0.326285
0.711111         0.331191
0.721111         0.336099
0.731111         0.341008
0.741111         0.345918
0.751111         0.350828
0.761111         0.355738
0.771111         0.360649
0.781111         0.365559
0.791111         0.370468
0.801111         0.375377
0.811111         0.380285
0.821111         0.385191
0.831111         0.390096
0.841111         0.394999
0.851111         0.399901
0.861111         0.4048
0.871111         0.409696
0.881111         0.41459
0.891111         0.419481
0.901111         0.424368
0.911111         0.429253
0.921111         0.434133
0.931111         0.439009
0.941111         0.443882
0.951111         0.44875
0.961111         0.453613
0.971111         0.458471
0.981111         0.463324
0.991111         0.468172
1.00111         0.473014
