2e-16         0.0148092
3e-16         0.0456487
4e-16         0.0610685
5e-16         0.0703204
6e-16         0.0764883
7e-16         0.130577
8e-16         0.00832044
9e-16         0.0777094
1e-15         0.0148092
1.1e-15         0.0440663
1.2e-15         0.0314501
1.3e-15         0.0136581
1.4e-15         0.057884
1.5e-15         0.0456487
1.6e-15         0.00324438
1.7e-15         0.00936694
1.8e-15         0.0199491
1.9e-15         0.024548
2e-15         0.028687
2.1e-15         0.00721903
2.2e-15         0.00201235
2.3e-15         0.0254163
2.4e-15         0.0109543
2.5e-15         0.0147967
2.6e-15         0.0100996
2.7e-15         0.00575048
2.8e-15         0.00171197
2.9e-15         0.00204802
3e-15         0.030229
3.1e-15         0.00884027
3.2e-15         0.0112116
3.3e-15         0.00761954
3.4e-15         0.00423874
3.5e-15         0.00105112
3.6e-15         0.0186003
3.7e-15         0.0048072
3.8e-15         0.0119725
3.9e-15         0.00891351
4e-15         0.0245112
4.1e-15         0.0212956
4.2e-15         0.017012
4.3e-15         0.00189964
4.4e-15         0.0211173
4.5e-15         0.00658533
4.6e-15         0.00877539
4.7e-15         0.0108722
4.8e-15         0.000610558
4.9e-15         0.000295869
5e-15         0.0018566
5.1e-15         0.00392467
5.2e-15         0.00832044
5.3e-15         0.00957231
5.4e-15         0.00232386
5.5e-15         0.000330198
5.6e-15         0.0132768
5.7e-15         0.00182414
5.8e-15         0.00752287
5.9e-15         0.00696865
6e-15         0.00369451
6.1e-15         0.00187447
6.2e-15         0.000113146
6.3e-15         0.0101561
6.4e-15         0.00832044
6.5e-15         0.00654124
6.6e-15         0.00481595
6.7e-15         0.0141892
6.8e-15         0.00936694
6.9e-15         5.98667e-05
7e-15         0.0121658
7.1e-15         0.0135061
7.2e-15         0.00575048
7.3e-15         0.00593756
7.4e-15         0.00269431
7.5e-15         0.0086413
7.6e-15         0.000201009
7.7e-15         0.00159227
7.8e-15         0.00294785
7.9e-15         0.00426911
8e-15         0.00555735
8.1e-15         0.0114615
8.2e-15         0.00098665
8.3e-15         0.000318344
8.4e-15         0.00159227
8.5e-15         0.00283621
8.6e-15         0.00405123
8.7e-15         0.00326914
8.8e-15         0.00639843
8.9e-15         0.00806056
9e-15         0.000417426
9.1e-15         0.00654124
9.2e-15         0.00530353
9.3e-15         0.00409244
9.4e-15         0.00192288
9.5e-15         0.000772871
9.6e-15         0.0073567
9.7e-15         0.000502209
9.8e-15         0.00159227
9.9e-15         0.00359483
1e-14         0.00463216
1.01e-14         0.00167925
1.02e-14         0.0066458
1.12e-14         0.00241832
1.22e-14         0.00718292
1.32e-14         0.00411505
1.42e-14         0.000827738
1.52e-14         0.00345104
1.62e-14         0.00338716
1.72e-14         0.00294145
1.82e-14         0.0031173
1.92e-14         0.0030199
2.02e-14         0.00122124
2.12e-14         0.000844137
2.22e-14         0.00102731
2.32e-14         0.00273742
2.42e-14         0.00181073
2.52e-14         0.000490854
2.62e-14         0.00108139
2.72e-14         0.00253803
2.82e-14         0.000938638
2.92e-14         0.00276912
3.02e-14         0.00112115
3.12e-14         1.74899e-05
3.22e-14         0.00130494
3.32e-14         0.00226904
3.42e-14         0.0011516
3.52e-14         0.000172496
3.62e-14         0.00103652
3.72e-14         0.0018765
3.82e-14         0.000761882
3.92e-14         0.00182828
4.02e-14         0.000770317
4.12e-14         0.000236292
4.22e-14         0.00119519
4.32e-14         0.00153108
4.42e-14         0.000575578
4.52e-14         0.000337642
4.62e-14         0.000390726
4.72e-14         0.00128424
4.82e-14         0.000413161
4.92e-14         0.000422512
5.02e-14         0.00104059
5.12e-14         0.00107598
5.22e-14         0.000275636
5.32e-14         0.00049462
5.42e-14         0.000299834
5.52e-14         0.000897897
5.62e-14         0.0011593
5.72e-14         0.000899069
5.82e-14         0.00108746
5.92e-14         0.000743881
6.02e-14         5.54121e-05
6.12e-14         0.00075001
6.22e-14         0.00127353
6.32e-14         0.000561761
6.42e-14         0.001187
6.52e-14         0.00047734
6.62e-14         0.000144704
6.72e-14         0.000490854
6.82e-14         0.000113146
6.92e-14         0.00036989
7.02e-14         0.00113773
7.12e-14         0.000385663
7.22e-14         0.000183418
7.32e-14         0.000274183
7.42e-14         0.000153368
7.52e-14         0.000291662
7.62e-14         0.000725012
7.72e-14         0.000770348
7.82e-14         0.00116267
7.92e-14         0.000207157
8.02e-14         0.000302932
8.12e-14         0.00113651
8.22e-14         0.000272899
8.32e-14         0.000130777
8.42e-14         0.000524864
8.52e-14         0.000149571
8.62e-14         0.00118299
8.72e-14         6.14044e-05
8.82e-14         0.000400765
8.92e-14         8.09115e-05
9.02e-14         0.000449337
9.12e-14         1.88288e-06
9.22e-14         0.00114573
9.32e-14         1.8145e-05
9.42e-14         0.000414128
9.52e-14         5.98519e-05
9.62e-14         0.000386154
9.72e-14         3.94554e-05
9.82e-14         0.000300182
9.92e-14         0.000113146
1.002e-13         0.00042589
1.012e-13         0.00063887
1.022e-13         0.000234361
1.032e-13         7.2659e-05
1.042e-13         0.000462575
1.052e-13         0.000141516
1.062e-13         0.000173498
1.072e-13         0.000568939
1.082e-13         0.000496548
1.092e-13         0.000490854
1.102e-13         0.000201009
1.202e-13         3.08634e-05
1.302e-13         4.20872e-05
1.402e-13         0.000170622
1.502e-13         0.000220444
1.602e-13         0.000264046
1.702e-13         7.79863e-05
1.802e-13         2.26623e-05
1.902e-13         0.000362298
2.002e-13         0.000298299
2.102e-13         0.000196376
2.202e-13         0.000190401
2.302e-13         5.92843e-05
2.402e-13         1.85583e-05
2.502e-13         0.000276911
2.602e-13         5.35025e-05
2.702e-13         0.000119773
2.802e-13         0.000115855
2.902e-13         0.000206732
3.002e-13         1.60949e-05
3.102e-13         0.000224555
3.202e-13         4.23091e-05
3.302e-13         0.000127275
3.402e-13         0.000121041
3.502e-13         0.000170245
3.602e-13         1.44521e-05
3.702e-13         0.000210694
3.802e-13         0.000135691
3.902e-13         8.10221e-05
4.002e-13         0.00010196
4.102e-13         0.000144431
4.202e-13         1.32785e-05
4.302e-13         8.39126e-06
4.402e-13         5.00938e-05
4.502e-13         9.50112e-05
4.602e-13         7.2978e-05
4.702e-13         5.18821e-05
4.802e-13         1.23981e-05
4.902e-13         6.60129e-06
5.002e-13         0.000104633
5.102e-13         8.45707e-05
5.202e-13         6.52796e-05
5.302e-13         9.28818e-05
5.402e-13         1.17133e-05
5.502e-13         0.000129322
5.602e-13         3.80282e-05
5.702e-13         7.63275e-05
5.802e-13         5.91734e-05
5.902e-13         8.28058e-05
6.002e-13         1.11655e-05
6.102e-13         4.07738e-06
6.202e-13         3.37462e-05
6.302e-13         4.77927e-05
6.402e-13         0.000177012
6.502e-13         8.88186e-05
6.602e-13         1.07172e-05
6.702e-13         3.15436e-06
6.802e-13         1.6618e-05
6.902e-13         6.41407e-05
7.002e-13         5.56048e-05
7.102e-13         8.07884e-05
7.202e-13         9.24263e-05
7.302e-13         9.89794e-05
7.402e-13         8.52273e-05
7.502e-13         3.91509e-05
7.602e-13         5.07242e-05
7.702e-13         2.2089e-05
7.802e-13         1.00274e-05
7.902e-13         1.72883e-06
8.002e-13         7.93042e-05
8.102e-13         5.55638e-05
8.202e-13         4.36824e-05
8.302e-13         6.821e-05
8.402e-13         9.75646e-06
8.502e-13         8.58889e-05
8.602e-13         2.25919e-05
8.702e-13         3.28925e-05
8.802e-13         4.11296e-05
8.902e-13         5.27995e-05
9.002e-13         9.5216e-06
9.102e-13         8.19963e-05
9.202e-13         2.07124e-05
9.302e-13         4.91999e-05
9.402e-13         3.98199e-05
9.502e-13         4.90719e-05
9.602e-13         9.31609e-06
9.702e-13         2.51719e-07
9.802e-13         1.90631e-05
9.902e-13         2.8151e-05
1.0002e-12         3.69428e-05
1.0102e-12         2.74804e-05
1.0202e-12         9.13476e-06
1.0302e-12         1.25945e-07
1.0402e-12         5.35505e-05
1.0502e-12         4.42903e-05
1.0602e-12         3.46073e-05
1.0702e-12         2.62891e-05
1.0802e-12         8.97357e-06
1.0902e-12         6.83531e-05
1.1002e-12         7.89476e-06
1.1102e-12         2.44345e-05
1.2102e-12         1.03425e-06
1.3102e-12         2.26153e-05
1.4102e-12         3.45749e-05
1.5102e-12         2.06693e-06
1.6102e-12         1.38172e-05
1.7102e-12         1.36753e-05
1.8102e-12         2.75733e-06
1.9102e-12         2.12777e-05
2.0102e-12         2.61154e-05
2.1102e-12         3.25142e-06
2.2102e-12         1.75436e-05
2.3102e-12         2.35335e-05
2.4102e-12         3.62252e-06
2.5102e-12         1.4702e-05
2.6102e-12         2.1545e-05
2.7102e-12         3.91145e-06
2.8102e-12         1.24672e-05
2.9102e-12         5.46636e-06
3.0102e-12         4.1428e-06
3.1102e-12         1.06634e-05
3.2102e-12         2.74292e-05
3.3102e-12         2.66919e-05
3.4102e-12         9.17703e-06
3.5102e-12         2.02547e-05
3.6102e-12         2.49917e-05
3.7102e-12         7.93102e-06
3.8102e-12         1.91507e-05
3.9102e-12         1.43048e-05
4.0102e-12         6.87144e-06
4.1102e-12         1.59569e-05
4.2102e-12         1.28414e-05
4.3102e-12         5.95936e-06
4.4102e-12         1.73932e-05
4.5102e-12         1.15727e-05
4.6102e-12         5.16598e-06
4.7102e-12         9.68679e-07
4.8102e-12         1.04622e-05
4.9102e-12         1.06042e-05
5.0102e-12         1.42101e-05
5.1102e-12         5.00166e-06
5.2102e-12         3.85331e-06
5.3102e-12         1.55017e-05
5.4102e-12         6.90061e-06
5.5102e-12         3.30418e-06
5.6102e-12         1.50061e-05
5.7102e-12         7.83085e-06
5.8102e-12         2.81175e-06
5.9102e-12         1.04857e-05
6.0102e-12         5.18602e-06
6.1102e-12         2.36768e-06
6.2102e-12         9.67811e-06
6.3102e-12         6.70196e-06
6.4102e-12         1.96518e-06
6.5102e-12         2.42415e-06
6.6102e-12         5.28103e-06
6.7102e-12         1.59866e-06
6.8102e-12         2.59192e-06
6.9102e-12         6.66122e-06
7.0102e-12         1.26352e-06
7.1102e-12         2.74554e-06
7.2102e-12         3.62191e-06
7.3102e-12         9.55879e-07
7.4102e-12         2.88672e-06
7.5102e-12         4.46016e-06
7.6102e-12         6.72497e-07
7.7102e-12         3.01692e-06
7.8102e-12         2.86484e-06
7.9102e-12         8.59789e-06
8.0102e-12         3.13736e-06
8.1102e-12         2.52832e-06
8.2102e-12         9.18285e-06
8.3102e-12         1.21556e-05
8.4102e-12         2.2158e-06
8.5102e-12         5.77744e-08
8.6102e-12         1.19492e-05
8.7102e-12         1.92481e-06
8.8102e-12         1.31817e-06
8.9102e-12         3.45002e-06
9.0102e-12         1.6532e-06
9.1102e-12         4.64462e-07
9.2102e-12         4.49552e-06
9.3102e-12         1.39909e-06
9.4102e-12         1.63153e-06
9.5102e-12         4.1571e-06
9.6102e-12         1.16085e-06
9.7102e-12         1.77369e-06
9.8102e-12         3.83937e-06
9.9102e-12         6.53152e-06
1.00102e-11         9.83082e-07
1.01102e-11         3.78031e-06
1.02102e-11         7.26363e-07
1.03102e-11         2.03318e-06
1.04102e-11         4.73972e-06
1.05102e-11         5.27724e-07
1.06102e-11         2.15193e-06
1.07102e-11         2.99299e-06
1.08102e-11         3.40109e-07
1.09102e-11         5.36787e-06
1.10102e-11         3.98078e-06
1.11102e-11         1.62626e-07
1.21102e-11         3.45439e-06
1.31102e-11         5.98386e-07
1.41102e-11         1.19712e-06
1.51102e-11         1.53108e-06
1.61102e-11         6.73697e-07
1.71102e-11         1.70501e-06
1.81102e-11         2.65885e-07
1.91102e-11         1.54639e-06
2.01102e-11         5.20869e-07
2.11102e-11         1.11385e-06
2.21102e-11         7.46847e-07
2.31102e-11         2.44651e-06
2.41102e-11         1.75079e-06
2.51102e-11         8.70332e-08
2.61102e-11         1.80362e-06
2.71102e-11         3.21353e-06
2.81102e-11         1.8901e-06
2.91102e-11         6.57596e-07
3.01102e-11         1.96509e-06
3.11102e-11         1.1068e-06
3.21102e-11         2.31887e-06
3.31102e-11         1.22231e-06
3.41102e-11         1.90047e-07
3.51102e-11         1.32466e-06
3.61102e-11         6.02947e-07
3.71102e-11         1.66529e-06
3.81102e-11         2.67187e-06
3.91102e-11         1.57955e-07
4.01102e-11         8.43896e-07
4.11102e-11         2.02206e-06
4.21102e-11         1.16691e-06
4.31102e-11         2.06831e-06
4.41102e-11         2.10502e-06
4.51102e-11         4.69709e-07
4.61102e-11         7.69426e-08
4.71102e-11         7.74326e-07
4.81102e-11         1.48668e-06
4.91102e-11         4.52985e-07
5.01102e-11         3.54824e-07
5.11102e-11         1.76526e-06
5.21102e-11         4.57079e-07
5.31102e-11         1.5851e-06
5.41102e-11         6.45098e-07
5.51102e-11         9.2907e-08
5.61102e-11         1.83359e-06
5.71102e-11         1.95381e-07
5.81102e-11         3.92876e-07
5.91102e-11         8.0471e-07
6.01102e-11         1.25437e-07
6.11102e-11         6.79566e-07
6.21102e-11         2.41815e-08
6.31102e-11         5.62354e-07
6.41102e-11         2.15069e-07
6.51102e-11         3.10247e-07
6.61102e-11         8.19671e-07
6.71102e-11         2.11028e-07
6.81102e-11         7.0695e-07
6.91102e-11         1.63202e-08
7.01102e-11         5.86996e-07
7.11102e-11         9.40074e-07
7.21102e-11         7.82752e-07
7.31102e-11         7.05221e-07
7.41102e-11         1.5561e-07
7.51102e-11         3.79365e-07
7.61102e-11         1.04466e-06
7.71102e-11         5.67814e-07
7.81102e-11         1.25411e-07
7.91102e-11         3.05808e-07
8.01102e-11         1.97653e-07
8.11102e-11         2.23823e-07
8.21102e-11         3.79052e-07
8.31102e-11         3.44644e-08
8.41102e-11         4.41827e-07
8.51102e-11         3.72906e-08
8.61102e-11         3.5785e-07
8.71102e-11         1.06163e-06
8.81102e-11         1.76195e-07
8.91102e-11         2.74963e-07
9.01102e-11         7.16106e-07
9.11102e-11         4.77167e-07
9.21102e-11         8.66554e-07
9.31102e-11         4.92214e-07
9.41102e-11         2.24138e-07
9.51102e-11         1.35577e-07
9.61102e-11         2.82299e-07
9.71102e-11         7.06061e-08
9.81102e-11         3.38089e-07
9.91102e-11         6.61702e-07
1.0011e-10         2.55268e-07
1.0111e-10         1.43127e-07
1.0211e-10         1.91134e-07
1.0311e-10         1.98911e-07
1.0411e-10         4.05989e-08
1.0511e-10         3.63572e-07
1.0611e-10         1.70709e-08
1.0711e-10         3.90606e-07
1.0811e-10         7.26069e-08
1.0911e-10         1.5477e-07
1.1011e-10         2.10149e-07
1.1111e-10         9.764e-08
1.2111e-10         3.1249e-07
1.3111e-10         9.55324e-08
1.4111e-10         5.49628e-07
1.5111e-10         6.80818e-07
1.6111e-10         3.36317e-07
1.7111e-10         4.64639e-07
1.8111e-10         1.70117e-07
1.9111e-10         1.41993e-07
2.0111e-10         9.02976e-09
2.1111e-10         2.39261e-07
2.2111e-10         1.13925e-07
2.3111e-10         2.8079e-07
2.4111e-10         3.7416e-07
2.5111e-10         1.65343e-07
2.6111e-10         2.55983e-07
2.7111e-10         6.69292e-08
2.8111e-10         1.21709e-07
2.9111e-10         4.97432e-08
3.0111e-10         3.59989e-08
3.1111e-10         1.21677e-07
3.2111e-10         4.21959e-07
3.3111e-10         2.34209e-07
3.4111e-10         3.01572e-07
3.5111e-10         1.54296e-07
3.6111e-10         2.20141e-07
3.7111e-10         5.80661e-08
3.8111e-10         7.12275e-08
3.9111e-10         4.66657e-09
4.0111e-10         5.85755e-08
4.1111e-10         1.18741e-07
4.2111e-10         1.54079e-07
4.3111e-10         3.75535e-08
4.4111e-10         7.36886e-08
4.5111e-10         1.5926e-08
4.6111e-10         1.41248e-07
4.7111e-10         7.26041e-08
4.8111e-10         3.01177e-08
4.9111e-10         2.2053e-08
5.0111e-10         7.21415e-08
5.1111e-10         1.02169e-07
5.2111e-10         6.76426e-09
5.3111e-10         5.43114e-08
5.4111e-10         3.66823e-08
5.5111e-10         6.86001e-09
5.6111e-10         3.83878e-08
5.7111e-10         8.2051e-08
5.8111e-10         3.15656e-09
5.9111e-10         3.97322e-08
6.0111e-10         6.58026e-08
6.1111e-10         1.06159e-07
6.2111e-10         2.6051e-08
6.3111e-10         5.15186e-08
6.4111e-10         1.12204e-08
6.5111e-10         1.36306e-08
6.6111e-10         5.17242e-08
6.7111e-10         2.16046e-08
6.8111e-10         1.58877e-08
6.9111e-10         3.89082e-08
7.0111e-10         7.44679e-08
7.1111e-10         4.94404e-09
7.2111e-10         3.99885e-08
7.3111e-10         2.71619e-08
7.4111e-10         1.0724e-07
7.5111e-10         4.09826e-08
7.6111e-10         3.56898e-08
7.7111e-10         2.39068e-09
7.8111e-10         3.00558e-08
7.9111e-10         6.16821e-08
8.0111e-10         9.25187e-08
8.1111e-10         1.99373e-08
8.2111e-10         3.96087e-08
8.3111e-10         8.0389e-08
8.4111e-10         2.15402e-08
8.5111e-10         4.01666e-08
8.6111e-10         1.68483e-08
8.7111e-10         9.7378e-08
8.8111e-10         4.1008e-08
8.9111e-10         6.89622e-08
9.0111e-10         3.89141e-09
9.1111e-10         3.16394e-08
9.2111e-10         5.87849e-08
9.3111e-10         8.53473e-08
9.4111e-10         2.28681e-08
9.5111e-10         2.85698e-08
9.6111e-10         7.50822e-08
9.7111e-10         2.41659e-08
9.8111e-10         4.97275e-08
9.9111e-10         9.24033e-09
1.00111e-09         1.61443e-08
1.01111e-09         4.10268e-08
1.02111e-09         6.54219e-08
1.03111e-09         1.75622e-08
1.04111e-09         3.28275e-08
1.05111e-09         5.66044e-08
1.06111e-09         7.99331e-08
1.07111e-09         3.53759e-08
1.08111e-09         2.01857e-08
1.09111e-09         6.46291e-08
1.10111e-09         4.10468e-08
1.11111e-09         1.7889e-08
1.21111e-09         5.96233e-09
1.31111e-09         5.93636e-08
1.41111e-09         3.96317e-08
1.51111e-09         2.8634e-08
1.61111e-09         2.11963e-08
1.71111e-09         1.59018e-08
1.81111e-09         8.036e-09
1.91111e-09         9.93389e-10
2.01111e-09         5.34886e-09
2.11111e-09         1.10903e-08
2.21111e-09         1.71617e-08
2.31111e-09         1.09432e-08
2.41111e-09         9.07762e-09
2.51111e-09         3.31512e-08
2.61111e-09         2.70348e-08
2.71111e-09         3.32316e-08
2.81111e-09         3.65515e-08
2.91111e-09         1.42183e-08
3.01111e-09         1.7949e-08
3.11111e-09         2.35051e-09
3.21111e-09         2.18323e-08
3.31111e-09         2.64161e-09
3.41111e-09         6.27428e-09
3.51111e-09         9.70003e-09
3.61111e-09         7.56038e-09
3.71111e-09         3.94646e-09
3.81111e-09         1.9943e-08
3.91111e-09         2.72697e-09
4.01111e-09         3.50756e-09
4.11111e-09         9.25253e-09
4.21111e-09         8.22453e-09
4.31111e-09         1.20702e-08
4.41111e-09         2.11357e-09
4.51111e-09         1.56685e-08
4.61111e-09         1.25841e-08
4.71111e-09         1.15945e-08
4.81111e-09         6.80001e-09
4.91111e-09         4.08461e-09
5.01111e-09         1.14463e-08
5.11111e-09         1.36984e-08
5.21111e-09         1.66087e-09
5.31111e-09         4.01246e-09
5.41111e-09         6.27713e-09
5.51111e-09         4.97051e-09
5.61111e-09         2.62647e-09
5.71111e-09         3.6452e-10
5.81111e-09         2.27485e-10
5.91111e-09         2.36462e-09
6.01111e-09         7.88235e-09
6.11111e-09         6.42907e-09
6.21111e-09         8.36314e-09
6.31111e-09         1.02359e-08
6.41111e-09         1.20503e-08
6.51111e-09         1.02049e-09
6.61111e-09         2.91935e-09
6.71111e-09         6.26709e-09
6.81111e-09         4.31699e-09
6.91111e-09         2.42333e-09
7.01111e-09         5.83687e-10
7.11111e-09         9.20412e-09
7.21111e-09         7.32147e-09
7.31111e-09         6.75577e-09
7.41111e-09         5.03006e-09
7.51111e-09         3.20604e-09
7.61111e-09         1.50114e-09
7.71111e-09         1.59546e-10
7.81111e-09         1.77771e-09
7.91111e-09         6.00085e-09
8.01111e-09         3.73797e-09
8.11111e-09         6.3928e-09
8.21111e-09         1.15776e-09
8.31111e-09         7.3429e-10
8.41111e-09         7.7907e-10
8.51111e-09         1.09531e-08
8.61111e-09         3.70034e-09
8.71111e-09         4.0486e-09
8.81111e-09         6.489e-09
8.91111e-09         7.83639e-09
9.01111e-09         8.12715e-09
9.11111e-09         1.3034e-09
9.21111e-09         5.37219e-09
9.31111e-09         3.9553e-09
9.41111e-09         1.14162e-08
9.51111e-09         1.2109e-09
9.61111e-09         1.18469e-10
9.71111e-09         4.6775e-10
9.81111e-09         1.75291e-09
9.91111e-09         4.45573e-09
1.00111e-08         3.14707e-09
1.01111e-08         5.45586e-09
1.02111e-08         6.06636e-10
1.03111e-08         6.26624e-10
1.04111e-08         9.4754e-10
1.05111e-08         2.14255e-09
1.06111e-08         3.66019e-09
1.07111e-08         2.44448e-09
1.08111e-08         1.25126e-09
1.09111e-08         6.70354e-09
1.10111e-08         1.07017e-09
1.11111e-08         8.02822e-09
1.21111e-08         7.39427e-09
1.31111e-08         2.11664e-09
1.41111e-08         8.664e-10
1.51111e-08         2.05568e-09
1.61111e-08         4.04076e-09
1.71111e-08         2.00897e-09
1.81111e-08         3.09295e-10
1.91111e-08         1.48792e-09
2.01111e-08         5.73884e-10
2.11111e-08         2.00212e-09
2.21111e-08         3.72182e-10
2.31111e-08         1.68555e-09
2.41111e-08         2.8658e-09
2.51111e-08         1.15966e-09
2.61111e-08         4.15802e-10
2.71111e-08         8.55019e-10
2.81111e-08         3.23046e-09
2.91111e-08         1.63244e-09
3.01111e-08         1.70297e-09
3.11111e-08         1.71842e-09
3.21111e-08         8.93035e-10
3.31111e-08         2.67668e-09
3.41111e-08         1.01481e-09
3.51111e-08         1.64786e-11
3.61111e-08         9.26556e-10
3.71111e-08         1.75644e-10
3.81111e-08         7.22078e-10
3.91111e-08         3.18532e-10
4.01111e-08         1.53791e-09
4.11111e-08         1.1278e-09
4.21111e-08         1.51689e-10
4.31111e-08         9.37701e-10
4.41111e-08         1.99583e-10
4.51111e-08         1.08136e-09
4.61111e-08         1.08476e-09
4.71111e-08         1.35791e-09
4.81111e-08         7.23903e-10
4.91111e-08         1.04855e-10
5.01111e-08         3.91852e-10
5.11111e-08         3.9798e-10
5.21111e-08         8.52889e-11
5.31111e-08         7.24557e-10
5.41111e-08         1.98612e-10
5.51111e-08         2.54732e-10
5.61111e-08         6.2716e-10
5.71111e-08         2.019e-11
5.81111e-08         4.0668e-10
5.91111e-08         8.19107e-10
6.01111e-08         1.24479e-09
6.11111e-08         8.18837e-10
6.21111e-08         7.85053e-10
6.31111e-08         7.42595e-12
6.41111e-08         7.75183e-10
6.51111e-08         7.54137e-10
6.61111e-08         1.9128e-12
6.71111e-08         3.67439e-10
6.81111e-08         7.25945e-10
6.91111e-08         1.06783e-09
7.01111e-08         1.41228e-09
7.11111e-08         4.70807e-10
7.21111e-08         1.20563e-10
7.31111e-08         1.23246e-09
7.41111e-08         4.47131e-10
7.51111e-08         2.34367e-10
7.61111e-08         1.06682e-09
7.71111e-08         6.65259e-10
7.81111e-08         3.39429e-10
7.91111e-08         2.18363e-11
8.01111e-08         7.51563e-10
8.11111e-08         4.3672e-10
8.21111e-08         2.42221e-10
8.31111e-08         5.89174e-11
8.41111e-08         2.42899e-10
8.51111e-08         4.47069e-10
8.61111e-08         1.54043e-10
8.71111e-08         2.60474e-11
8.81111e-08         3.07052e-10
8.91111e-08         4.77926e-10
9.01111e-08         9.97739e-10
9.11111e-08         8.08422e-10
9.21111e-08         1.06873e-09
9.31111e-08         3.2981e-10
9.41111e-08         1.9679e-10
9.51111e-08         8.09592e-10
9.61111e-08         9.00649e-10
9.71111e-08         2.89167e-10
9.81111e-08         3.0985e-10
9.91111e-08         1.49992e-10
1.00111e-07         7.45999e-10
1.01111e-07         6.63279e-10
1.02111e-07         4.14051e-10
1.03111e-07         3.68705e-10
1.04111e-07         5.14368e-10
1.05111e-07         4.68988e-11
1.06111e-07         9.99353e-11
1.07111e-07         1.57651e-10
1.08111e-07         2.99877e-10
1.09111e-07         2.38848e-10
1.10111e-07         1.79628e-10
1.11111e-07         7.0434e-10
1.21111e-07         1.78077e-10
1.31111e-07         1.49673e-10
1.41111e-07         5.83333e-12
1.51111e-07         5.93948e-10
1.61111e-07         2.81926e-11
1.71111e-07         2.01089e-10
1.81111e-07         1.49632e-10
1.91111e-07         1.38495e-10
2.01111e-07         1.08073e-10
2.11111e-07         1.12159e-10
2.21111e-07         4.28078e-10
2.31111e-07         1.60955e-10
2.41111e-07         1.07848e-10
2.51111e-07         5.15603e-11
2.61111e-07         2.61866e-10
2.71111e-07         1.30344e-10
2.81111e-07         2.97179e-10
2.91111e-07         3.93962e-11
3.01111e-07         1.67444e-10
3.11111e-07         1.29073e-10
3.21111e-07         1.40307e-10
3.31111e-07         5.81127e-11
3.41111e-07         1.81998e-10
3.51111e-07         9.22294e-11
3.61111e-07         1.61156e-10
3.71111e-07         4.78645e-11
3.81111e-07         1.48812e-10
3.91111e-07         6.29224e-11
4.01111e-07         1.74147e-10
4.11111e-07         8.46195e-11
4.21111e-07         8.85362e-11
4.31111e-07         1.89277e-10
4.41111e-07         2.43503e-10
4.51111e-07         4.9216e-11
4.61111e-07         3.63228e-11
4.71111e-07         4.00013e-13
4.81111e-07         1.1095e-10
4.91111e-07         1.42412e-10
5.01111e-07         1.59711e-10
5.11111e-07         6.98814e-11
5.21111e-07         1.90071e-11
5.31111e-07         9.96305e-11
5.41111e-07         2.58065e-11
5.51111e-07         2.18121e-11
5.61111e-07         1.16891e-10
5.71111e-07         3.04428e-11
5.81111e-07         1.00793e-10
5.91111e-07         3.97689e-11
6.01111e-07         1.15575e-11
6.11111e-07         2.96877e-11
6.21111e-07         9.19211e-11
6.31111e-07         2.37332e-11
6.41111e-07         8.53007e-12
6.51111e-07         3.12446e-11
6.61111e-07         1.3838e-11
6.71111e-07         7.96656e-11
6.81111e-07         8.92264e-11
6.91111e-07         3.53588e-11
7.01111e-07         1.96165e-12
7.11111e-07         7.98694e-13
7.21111e-07         2.91425e-11
7.31111e-07         6.09268e-12
7.41111e-07         7.87537e-11
7.51111e-07         3.81652e-11
7.61111e-07         4.99794e-11
7.71111e-07         7.58476e-11
7.81111e-07         4.1831e-11
7.91111e-07         3.20638e-11
8.01111e-07         8.02844e-11
8.11111e-07         5.88776e-11
8.21111e-07         1.19753e-10
8.31111e-07         1.76095e-11
8.41111e-07         8.71092e-12
8.51111e-07         3.26325e-11
8.61111e-07         8.36748e-11
8.71111e-07         4.48264e-12
8.81111e-07         4.86381e-11
8.91111e-07         5.35508e-11
9.01111e-07         4.16045e-11
9.11111e-07         1.28173e-11
9.21111e-07         4.74354e-12
9.31111e-07         2.66525e-11
9.41111e-07         1.05815e-12
9.51111e-07         8.8543e-11
9.61111e-07         3.54972e-11
9.71111e-07         2.40319e-11
9.81111e-07         3.08122e-11
9.91111e-07         6.58801e-11
1.00111e-06         1.06518e-11
1.01111e-06         3.99188e-11
1.02111e-06         8.67338e-11
1.03111e-06         2.49684e-11
1.04111e-06         8.95106e-12
1.05111e-06         4.57947e-11
1.06111e-06         6.46325e-11
1.07111e-06         2.91707e-11
1.08111e-06         3.56611e-11
1.09111e-06         8.1154e-12
1.10111e-06         9.02999e-11
1.11111e-06         1.27982e-11
1.21111e-06         3.33522e-12
1.31111e-06         4.68425e-12
1.41111e-06         5.74623e-11
1.51111e-06         4.98089e-11
1.61111e-06         3.42547e-11
1.71111e-06         1.65751e-11
1.81111e-06         4.17149e-11
1.91111e-06         1.80749e-11
2.01111e-06         3.38899e-11
2.11111e-06         4.14896e-11
2.21111e-06         1.07435e-11
2.31111e-06         2.1345e-11
2.41111e-06         1.06229e-11
2.51111e-06         6.88549e-12
2.61111e-06         1.09024e-13
2.71111e-06         1.73006e-11
2.81111e-06         3.85092e-12
2.91111e-06         1.1853e-11
3.01111e-06         1.93301e-12
3.11111e-06         2.23889e-11
3.21111e-06         4.52838e-12
3.31111e-06         4.67215e-12
3.41111e-06         1.68906e-11
3.51111e-06         2.1415e-11
3.61111e-06         1.53041e-11
3.71111e-06         7.66287e-12
3.81111e-06         2.14256e-11
3.91111e-06         1.35436e-11
4.01111e-06         1.00912e-11
4.11111e-06         3.43103e-12
4.21111e-06         3.12894e-12
4.31111e-06         1.43275e-11
4.41111e-06         4.66327e-12
4.51111e-06         7.95142e-12
4.61111e-06         3.9676e-12
4.71111e-06         1.1936e-11
4.81111e-06         4.18887e-12
4.91111e-06         7.0105e-12
5.01111e-06         2.99261e-12
5.11111e-06         9.42135e-13
5.21111e-06         1.52329e-11
5.31111e-06         1.44927e-11
5.41111e-06         2.08467e-12
5.51111e-06         5.23581e-12
5.61111e-06         3.26728e-12
5.71111e-06         3.10718e-12
5.81111e-06         1.08543e-11
5.91111e-06         6.7033e-12
6.01111e-06         9.82459e-12
6.11111e-06         7.81819e-13
6.21111e-06         1.1297e-11
6.31111e-06         9.79916e-12
6.41111e-06         4.63984e-12
6.51111e-06         4.09972e-12
6.61111e-06         1.11755e-11
6.71111e-06         5.39568e-12
6.81111e-06         1.105e-12
6.91111e-06         1.03255e-11
7.01111e-06         7.40652e-12
7.11111e-06         3.23663e-12
7.21111e-06         6.94345e-12
7.31111e-06         7.98683e-12
7.41111e-06         9.72356e-12
7.51111e-06         6.02252e-12
7.61111e-06         7.30582e-12
7.71111e-06         1.30896e-11
7.81111e-06         9.70146e-12
7.91111e-06         6.67633e-12
8.01111e-06         5.32208e-12
8.11111e-06         3.98326e-12
8.21111e-06         4.96614e-12
8.31111e-06         1.8846e-12
8.41111e-06         2.27152e-13
8.51111e-06         5.31986e-12
8.61111e-06         9.6636e-12
8.71111e-06         3.08542e-12
8.81111e-06         8.4488e-13
8.91111e-06         3.07088e-13
9.01111e-06         1.43352e-12
9.11111e-06         1.51978e-12
9.21111e-06         5.99854e-13
9.31111e-06         1.29408e-12
9.41111e-06         4.71689e-12
9.51111e-06         6.90792e-12
9.61111e-06         1.05898e-11
9.71111e-06         9.4813e-14
9.81111e-06         5.46951e-12
9.91111e-06         3.45357e-12
1.00111e-05         4.06708e-12
1.01111e-05         4.11882e-12
1.02111e-05         3.26339e-12
1.03111e-05         1.52744e-12
1.04111e-05         6.04528e-12
1.05111e-05         2.5554e-12
1.06111e-05         8.71592e-12
1.07111e-05         9.53571e-13
1.08111e-05         1.8866e-12
1.09111e-05         3.98104e-12
1.10111e-05         3.70159e-12
1.11111e-05         2.91933e-12
1.21111e-05         3.74256e-13
1.31111e-05         3.62932e-13
1.41111e-05         4.2738e-12
1.51111e-05         2.921e-13
1.61111e-05         8.45879e-13
1.71111e-05         3.49765e-12
1.81111e-05         1.29519e-12
1.91111e-05         4.57978e-12
2.01111e-05         2.09832e-13
2.11111e-05         1.51279e-12
2.21111e-05         1.02418e-12
2.31111e-05         1.7788e-12
2.41111e-05         2.13363e-12
2.51111e-05         1.63414e-12
2.61111e-05         5.07039e-13
2.71111e-05         1.90192e-12
2.81111e-05         2.772e-12
2.91111e-05         2.40952e-12
3.01111e-05         1.97076e-12
3.11111e-05         4.72844e-13
3.21111e-05         1.32361e-12
3.31111e-05         1.23002e-12
3.41111e-05         6.50369e-13
3.51111e-05         1.2137e-12
3.61111e-05         9.99201e-14
3.71111e-05         1.39955e-12
3.81111e-05         2.03482e-12
3.91111e-05         5.6255e-13
4.01111e-05         1.52833e-12
4.11111e-05         7.58504e-13
4.21111e-05         7.39409e-13
4.31111e-05         1.3689e-13
4.41111e-05         1.54321e-12
4.51111e-05         7.47735e-13
4.61111e-05         1.07336e-12
4.71111e-05         6.57141e-13
4.81111e-05         3.18967e-13
4.91111e-05         1.00564e-12
5.01111e-05         2.46247e-13
5.11111e-05         1.02629e-12
5.21111e-05         5.78426e-14
5.31111e-05         9.89098e-13
5.41111e-05         1.76403e-12
5.51111e-05         2.82996e-13
5.61111e-05         1.13909e-13
5.71111e-05         1.02152e-12
5.81111e-05         2.07168e-13
5.91111e-05         2.03171e-13
6.01111e-05         9.6867e-13
6.11111e-05         1.95288e-13
6.21111e-05         1.0002e-12
6.31111e-05         2.5191e-13
6.41111e-05         1.11444e-12
6.51111e-05         3.89688e-14
6.61111e-05         7.3741e-13
6.71111e-05         1.01252e-13
6.81111e-05         9.86322e-13
6.91111e-05         5.00933e-13
7.01111e-05         9.85878e-14
7.11111e-05         9.43245e-13
7.21111e-05         6.73017e-13
7.31111e-05         1.57097e-13
7.41111e-05         1.54432e-13
7.51111e-05         1.5199e-13
7.61111e-05         6.35603e-13
7.71111e-05         2.70894e-14
7.81111e-05         9.22595e-14
7.91111e-05         7.27196e-13
8.01111e-05         1.4011e-13
8.11111e-05         3.66152e-13
8.21111e-05         4.73843e-13
8.31111e-05         1.33782e-13
8.41111e-05         3.08309e-13
8.51111e-05         8.77076e-14
8.61111e-05         8.71525e-14
8.71111e-05         5.50782e-13
8.81111e-05         6.10956e-13
8.91111e-05         3.96905e-13
9.01111e-05         6.33826e-13
9.11111e-05         5.24913e-13
9.21111e-05         3.17857e-13
9.31111e-05         1.82632e-13
9.41111e-05         1.13798e-13
9.51111e-05         2.09499e-13
9.61111e-05         2.06835e-13
9.71111e-05         8.43547e-13
9.81111e-05         3.90465e-13
9.91111e-05         8.04912e-14
0.000100111         1.97065e-13
0.000101111         1.94844e-13
0.000102111         1.92513e-13
0.000103111         1.08802e-14
0.000104111         2.56239e-13
0.000105111         6.06182e-13
0.000106111         1.05582e-12
0.000107111         2.50022e-13
0.000108111         5.22138e-13
0.000109111         5.17031e-13
0.000110111         2.44249e-13
0.000111111         2.57239e-13
0.000121111         2.25597e-13
0.000131111         5.64881e-13
0.000141111         3.30291e-13
0.000151111         1.88516e-13
0.000161111         2.22822e-13
0.000171111         4.54081e-14
0.000181111         4.06342e-14
0.000191111         2.53908e-13
0.000201111         3.08864e-13
0.000211111         1.17018e-13
0.000221111         5.73985e-14
0.000231111         6.36158e-14
0.000241111         2.09832e-14
0.000251111         1.28786e-13
0.000261111         1.25344e-13
0.000271111         8.80407e-14
0.000281111         1.23235e-14
0.000291111         1.05915e-13
0.000301111         1.62537e-13
0.000311111         5.21805e-14
0.000321111         1.38223e-13
0.000331111         1.07359e-13
0.000341111         3.03091e-14
0.000351111         1.88738e-15
0.000361111         2.4869e-14
0.000371111         2.53131e-14
0.000381111         7.42739e-14
0.000391111         4.4964e-14
0.000401111         1.18683e-13
0.000411111         4.21885e-15
0.000421111         1.80855e-13
0.000431111         1.3467e-13
0.000441111         6.9611e-14
0.000451111         7.43849e-15
0.000461111         1.19904e-14
0.000471111         8.77076e-15
0.000481111         8.63754e-14
0.000491111         2.54907e-13
0.000501111         1.00142e-13
0.000511111         2.498e-14
0.000521111         2.95319e-14
0.000531111         5.73985e-14
0.000541111         2.9976e-14
0.000551111         3.44169e-15
0.000561111         1.62204e-13
0.000571111         1.9984e-15
0.000581111         6.25056e-14
0.000591111         9.33698e-14
0.000601111         1.07914e-13
0.000611111         7.77156e-16
0.000621111         3.11973e-14
0.000631111         1.26565e-14
0.000641111         1.03695e-13
0.000651111         4.58522e-14
0.000661111         3.81917e-14
0.000671111         5.08482e-14
0.000681111         4.56302e-14
0.000691111         8.83738e-14
0.000701111         3.21965e-14
0.000711111         4.57412e-14
0.000721111         8.30447e-14
0.000731111         6.87228e-14
0.000741111         7.66054e-15
0.000751111         2.88658e-14
0.000761111         8.54872e-15
0.000771111         3.90799e-14
0.000781111         9.32587e-15
0.000791111         1.07248e-13
0.000801111         8.22675e-14
0.000811111         6.75016e-14
0.000821111         4.44089e-16
0.000831111         1.11022e-16
0.000841111         1.09468e-13
0.000851111         4.25215e-14
0.000861111         4.44089e-14
0.000871111         4.44089e-14
0.000881111         2.33147e-15
0.000891111         6.50591e-14
0.000901111         2.36478e-14
0.000911111         3.40838e-14
0.000921111         3.40838e-14
0.000931111         2.42029e-14
0.000941111         2.44249e-14
0.000951111         2.45359e-14
0.000961111         5.36238e-14
0.000971111         4.18554e-14
0.000981111         6.27276e-14
0.000991111         6.23945e-14
0.00100111         3.45279e-14
0.00101111         7.10543e-15
0.00102111         1.9762e-14
0.00103111         2.56462e-14
0.00104111         2.58682e-14
0.00105111         1.80966e-14
0.00106111         4.36318e-14
0.00107111         5.21805e-14
0.00108111         6.06182e-14
0.00109111         1.58762e-14
0.00110111         1.10578e-13
0.00111111         2.67564e-14
0.00121111         5.06262e-14
0.00131111         1.13243e-13
0.00141111         7.51621e-14
0.00151111         7.89369e-14
0.00161111         1.39666e-13
0.00171111         1.87739e-13
0.00181111         1.94844e-13
0.00191111         1.96398e-13
0.00201111         2.7589e-13
0.00211111         3.39284e-13
0.00221111         4.30322e-13
0.00231111         5.01488e-13
0.00241111         5.89861e-13
0.00251111         7.15317e-13
0.00261111         8.20566e-13
0.00271111         9.7955e-13
0.00281111         1.13365e-12
0.00291111         1.30573e-12
0.00301111         1.48803e-12
0.00311111         1.70031e-12
0.00321111         1.91647e-12
0.00331111         2.19225e-12
0.00341111         2.43849e-12
0.00351111         2.73115e-12
0.00361111         3.0691e-12
0.00371111         3.41871e-12
0.00381111         3.81561e-12
0.00391111         4.21352e-12
0.00401111         4.66538e-12
0.00411111         5.14011e-12
0.00421111         5.67157e-12
0.00431111         6.22991e-12
0.00441111         6.81311e-12
0.00451111         7.4607e-12
0.00461111         8.15059e-12
0.00471111         8.87002e-12
0.00481111         9.64795e-12
0.00491111         1.04753e-11
0.00501111         1.136e-11
0.00511111         1.23062e-11
0.00521111         1.32923e-11
0.00531111         1.43386e-11
0.00541111         1.54405e-11
0.00551111         1.66267e-11
0.00561111         1.78513e-11
0.00571111         1.91691e-11
0.00581111         2.05371e-11
0.00591111         2.19935e-11
0.00601111         2.35199e-11
0.00611111         2.51082e-11
0.00621111         2.67976e-11
0.00631111         2.85667e-11
0.00641111         3.04204e-11
0.00651111         3.2361e-11
0.00661111         3.44149e-11
0.00671111         3.65358e-11
0.00681111         3.87642e-11
0.00691111         4.10888e-11
0.00701111         4.35225e-11
0.00711111         4.60479e-11
0.00721111         4.87058e-11
0.00731111         5.14582e-11
0.00741111         5.43361e-11
0.00751111         5.73294e-11
0.00761111         6.04422e-11
0.00771111         6.36818e-11
0.00781111         6.70328e-11
0.00791111         7.05399e-11
0.00801111         7.41696e-11
0.00811111         7.79471e-11
0.00821111         8.18646e-11
0.00831111         8.59295e-11
0.00841111         9.01352e-11
0.00851111         9.45064e-11
0.00861111         9.90177e-11
0.00871111         1.03702e-10
0.00881111         1.08542e-10
0.00891111         1.13562e-10
0.00901111         1.18745e-10
0.00911111         1.24105e-10
0.00921111         1.29653e-10
0.00931111         1.35367e-10
0.00941111         1.41281e-10
0.00951111         1.47384e-10
0.00961111         1.53677e-10
0.00971111         1.60178e-10
0.00981111         1.66873e-10
0.00991111         1.73774e-10
0.0100111         1.80895e-10
0.0101111         1.88235e-10
0.0102111         1.9579e-10
0.0103111         2.03573e-10
0.0104111         2.11592e-10
0.0105111         2.19839e-10
0.0106111         2.28318e-10
0.0107111         2.37051e-10
0.0108111         2.46037e-10
0.0109111         2.55264e-10
0.0110111         2.64747e-10
0.0111111         2.74495e-10
0.0121111         3.87474e-10
0.0131111         5.32187e-10
0.0141111         7.14087e-10
0.0151111         9.3905e-10
0.0161111         1.2134e-09
0.0171111         1.54388e-09
0.0181111         1.93766e-09
0.0191111         2.40237e-09
0.0201111         2.94604e-09
0.0211111         3.57715e-09
0.0221111         4.30459e-09
0.0231111         5.13773e-09
0.0241111         6.08631e-09
0.0251111         7.16056e-09
0.0261111         8.37108e-09
0.0271111         9.72897e-09
0.0281111         1.12457e-08
0.0291111         1.29332e-08
0.0301111         1.48039e-08
0.0311111         1.68705e-08
0.0321111         1.91462e-08
0.0331111         2.16448e-08
0.0341111         2.43803e-08
0.0351111         2.73672e-08
0.0361111         3.06204e-08
0.0371111         3.41555e-08
0.0381111         3.7988e-08
0.0391111         4.21344e-08
0.0401111         4.66113e-08
0.0411111         5.14357e-08
0.0421111         5.66253e-08
0.0431111         6.2198e-08
0.0441111         6.81721e-08
0.0451111         7.45666e-08
0.0461111         8.14007e-08
0.0471111         8.8694e-08
0.0481111         9.64667e-08
0.0491111         1.04739e-07
0.0501111         1.13533e-07
0.0511111         1.22869e-07
0.0521111         1.32769e-07
0.0531111         1.43255e-07
0.0541111         1.54351e-07
0.0551111         1.66079e-07
0.0561111         1.78463e-07
0.0571111         1.91527e-07
0.0581111         2.05295e-07
0.0591111         2.19792e-07
0.0601111         2.35043e-07
0.0611111         2.51075e-07
0.0621111         2.67913e-07
0.0631111         2.85583e-07
0.0641111         3.04114e-07
0.0651111         3.23532e-07
0.0661111         3.43865e-07
0.0671111         3.65141e-07
0.0681111         3.87389e-07
0.0691111         4.10639e-07
0.0701111         4.34919e-07
0.0711111         4.60261e-07
0.0721111         4.86693e-07
0.0731111         5.14248e-07
0.0741111         5.42956e-07
0.0751111         5.7285e-07
0.0761111         6.0396e-07
0.0771111         6.36321e-07
0.0781111         6.69964e-07
0.0791111         7.04923e-07
0.0801111         7.41233e-07
0.0811111         7.78927e-07
0.0821111         8.1804e-07
0.0831111         8.58608e-07
0.0841111         9.00665e-07
0.0851111         9.44248e-07
0.0861111         9.89393e-07
0.0871111         1.03614e-06
0.0881111         1.08452e-06
0.0891111         1.13457e-06
0.0901111         1.18634e-06
0.0911111         1.23986e-06
0.0921111         1.29516e-06
0.0931111         1.3523e-06
0.0941111         1.41131e-06
0.0951111         1.47222e-06
0.0961111         1.53508e-06
0.0971111         1.59994e-06
0.0981111         1.66683e-06
0.0991111         1.73579e-06
0.100111         1.80687e-06
0.101111         1.88011e-06
0.102111         1.95555e-06
0.103111         2.03324e-06
0.104111         2.11321e-06
0.105111         2.19553e-06
0.106111         2.28022e-06
0.107111         2.36734e-06
0.108111         2.45693e-06
0.109111         2.54904e-06
0.110111         2.64371e-06
0.111111         2.74099e-06
0.121111         3.86806e-06
0.131111         5.3111e-06
0.141111         7.12411e-06
0.151111         9.36528e-06
0.161111         1.20969e-05
0.171111         1.53856e-05
0.181111         1.93019e-05
0.191111         2.39205e-05
0.201111         2.93203e-05
0.211111         3.55841e-05
0.221111         4.27986e-05
0.231111         5.10549e-05
0.241111         6.04475e-05
0.251111         7.10753e-05
0.261111         8.30408e-05
0.271111         9.64505e-05
0.281111         0.000111414
0.291111         0.000128047
0.301111         0.000146465
0.311111         0.000166791
0.321111         0.000189149
0.331111         0.000213669
0.341111         0.000240482
0.351111         0.000269724
0.361111         0.000301534
0.371111         0.000336054
0.381111         0.000373432
0.391111         0.000413815
0.401111         0.000457356
0.411111         0.000504211
0.421111         0.000554539
0.431111         0.000608501
0.441111         0.000666262
0.451111         0.000727991
0.461111         0.000793857
0.471111         0.000864034
0.481111         0.000938699
0.491111         0.00101803
0.501111         0.00110221
0.511111         0.00119142
0.521111         0.00128586
0.531111         0.0013857
0.541111         0.00149114
0.551111         0.00160237
0.561111         0.0017196
0.571111         0.00184301
0.581111         0.00197281
0.591111         0.00210921
0.601111         0.0022524
0.611111         0.00240259
0.621111         0.00255999
0.631111         0.00272481
0.641111         0.00289726
0.651111         0.00307756
0.661111         0.00326591
0.671111         0.00346254
0.681111         0.00366766
0.691111         0.00388149
0.701111         0.00410425
0.711111         0.00433616
0.721111         0.00457745
0.731111         0.00482832
0.741111         0.00508902
0.751111         0.00535976
0.761111         0.00564076
0.771111         0.00593226
0.781111         0.00623447
0.791111         0.00654764
0.801111         0.00687197
0.811111         0.0072077
0.821111         0.00755506
0.831111         0.00791427
0.841111         0.00828557
0.851111         0.00866917
0.861111         0.00906531
0.871111         0.00947421
0.881111         0.0098961
0.891111         0.0103312
0.901111         0.0107797
0.911111         0.011242
0.921111         0.0117181
0.931111         0.0122083
0.941111         0.0127128
0.951111         0.0132319
0.961111         0.0137658
0.971111         0.0143147
0.981111         0.0148788
0.991111         0.0154583
1.00111         0.0160535
