0   1
0.01   0.966761
0.02   0.933425
0.03   0.899995
0.04   0.866476
0.05   0.83287
0.06   0.79918
0.07   0.765411
0.08   0.731565
0.09   0.697646
0.1   0.663657
0.11   0.629602
0.12   0.595484
0.13   0.561307
0.14   0.527073
0.15   0.492786
0.16   0.458451
0.17   0.424069
0.18   0.389645
0.19   0.355182
0.2   0.320684
0.21   0.286153
0.22   0.251594
0.23   0.21701
0.24   0.182404
0.25   0.147779
0.26   0.11314
0.27   0.0784901
0.28   0.0438319
0.29   0.0091693
0.3   -0.0254942
0.31   -0.0601551
0.32   -0.0948101
0.33   -0.129456
0.34   -0.164088
0.35   -0.198704
0.36   -0.2333
0.37   -0.267873
0.38   -0.302419
0.39   -0.336935
0.4   -0.371417
0.41   -0.405862
0.42   -0.440267
0.43   -0.474627
0.44   -0.50894
0.45   -0.543202
0.46   -0.57741
0.47   -0.61156
0.48   -0.645649
0.49   -0.679673
0.5   -0.713629
0.51   -0.747514
0.52   -0.781325
0.53   -0.815057
0.54   -0.848707
0.55   -0.882273
0.56   -0.91575
0.57   -0.949136
0.58   -0.982427
0.59   -1.01562
0.6   -1.04871
0.61   -1.0817
0.62   -1.11458
0.63   -1.14734
0.64   -1.17999
0.65   -1.21253
0.66   -1.24494
0.67   -1.27723
0.68   -1.30939
0.69   -1.34142
0.7   -1.37331
0.71   -1.40507
0.72   -1.43669
0.73   -1.46816
0.74   -1.49949
0.75   -1.53067
0.76   -1.56169
0.77   -1.59256
0.78   -1.62327
0.79   -1.65381
0.8   -1.6842
0.81   -1.71441
0.82   -1.74445
0.83   -1.77432
0.84   -1.804
0.85   -1.83351
0.86   -1.86284
0.87   -1.89198
0.88   -1.92093
0.89   -1.94969
0.9   -1.97825
0.91   -2.00661
0.92   -2.03478
0.93   -2.06274
0.94   -2.09049
0.95   -2.11804
0.96   -2.14537
0.97   -2.17249
0.98   -2.19939
0.99   -2.22608
1   -2.25254
1.01   -2.27877
1.02   -2.30478
1.03   -2.33055
1.04   -2.3561
1.05   -2.3814
1.06   -2.40647
1.07   -2.4313
1.08   -2.45589
1.09   -2.48022
1.1   -2.50432
1.11   -2.52816
1.12   -2.55175
1.13   -2.57508
1.14   -2.59815
1.15   -2.62097
1.16   -2.64352
1.17   -2.66581
1.18   -2.68784
1.19   -2.70959
1.2   -2.73107
1.21   -2.75228
1.22   -2.77322
1.23   -2.79388
1.24   -2.81425
1.25   -2.83435
1.26   -2.85416
1.27   -2.87369
1.28   -2.89293
1.29   -2.91188
1.3   -2.93054
1.31   -2.94891
1.32   -2.96698
1.33   -2.98476
1.34   -3.00223
1.35   -3.01941
1.36   -3.03629
1.37   -3.05286
1.38   -3.06912
1.39   -3.08508
1.4   -3.10073
1.41   -3.11607
1.42   -3.1311
1.43   -3.14582
1.44   -3.16022
1.45   -3.1743
1.46   -3.18807
1.47   -3.20152
1.48   -3.21465
1.49   -3.22745
1.5   -3.23994
1.51   -3.2521
1.52   -3.26393
1.53   -3.27544
1.54   -3.28662
1.55   -3.29748
1.56   -3.308
1.57   -3.31819
1.58   -3.32805
1.59   -3.33758
1.6   -3.34677
1.61   -3.35563
1.62   -3.36415
1.63   -3.37234
1.64   -3.38019
1.65   -3.3877
1.66   -3.39488
1.67   -3.40171
1.68   -3.4082
1.69   -3.41436
1.7   -3.42017
1.71   -3.42564
1.72   -3.43076
1.73   -3.43555
1.74   -3.43999
1.75   -3.44408
1.76   -3.44783
1.77   -3.45124
1.78   -3.4543
1.79   -3.45702
1.8   -3.45939
1.81   -3.46141
1.82   -3.46309
1.83   -3.46442
1.84   -3.46541
1.85   -3.46605
1.86   -3.46634
1.87   -3.46628
1.88   -3.46588
1.89   -3.46514
1.9   -3.46404
1.91   -3.4626
1.92   -3.46081
1.93   -3.45868
1.94   -3.4562
1.95   -3.45338
1.96   -3.45021
1.97   -3.4467
1.98   -3.44284
1.99   -3.43863
2   -3.43409
2.01   -3.42919
2.02   -3.42396
2.03   -3.41838
2.04   -3.41247
2.05   -3.40621
2.06   -3.39961
2.07   -3.39267
2.08   -3.38539
2.09   -3.37777
2.1   -3.36982
2.11   -3.36152
2.12   -3.35289
2.13   -3.34393
2.14   -3.33463
2.15   -3.325
2.16   -3.31504
2.17   -3.30474
2.18   -3.29412
2.19   -3.28316
2.2   -3.27188
2.21   -3.26026
2.22   -3.24833
2.23   -3.23607
2.24   -3.22348
2.25   -3.21057
2.26   -3.19734
2.27   -3.1838
2.28   -3.16993
2.29   -3.15574
2.3   -3.14124
2.31   -3.12643
2.32   -3.1113
2.33   -3.09587
2.34   -3.08012
2.35   -3.06406
2.36   -3.0477
2.37   -3.03104
2.38   -3.01407
2.39   -2.9968
2.4   -2.97923
2.41   -2.96136
2.42   -2.94319
2.43   -2.92473
2.44   -2.90598
2.45   -2.88694
2.46   -2.86761
2.47   -2.84799
2.48   -2.82809
2.49   -2.80791
2.5   -2.78744
2.51   -2.7667
2.52   -2.74567
2.53   -2.72438
2.54   -2.70281
2.55   -2.68097
2.56   -2.65887
2.57   -2.63649
2.58   -2.61386
2.59   -2.59096
2.6   -2.5678
2.61   -2.54439
2.62   -2.52072
2.63   -2.4968
2.64   -2.47263
2.65   -2.44822
2.66   -2.42355
2.67   -2.39865
2.68   -2.37351
2.69   -2.34813
2.7   -2.32251
2.71   -2.29666
2.72   -2.27058
2.73   -2.24428
2.74   -2.21775
2.75   -2.191
2.76   -2.16403
2.77   -2.13684
2.78   -2.10944
2.79   -2.08183
2.8   -2.05401
2.81   -2.02598
2.82   -1.99776
2.83   -1.96933
2.84   -1.94071
2.85   -1.91189
2.86   -1.88288
2.87   -1.85368
2.88   -1.8243
2.89   -1.79473
2.9   -1.76499
2.91   -1.73506
2.92   -1.70497
2.93   -1.6747
2.94   -1.64427
2.95   -1.61367
2.96   -1.58292
2.97   -1.552
2.98   -1.52093
2.99   -1.4897
3   -1.45833
3.01   -1.42681
3.02   -1.39515
3.03   -1.36335
3.04   -1.33141
3.05   -1.29934
3.06   -1.26714
3.07   -1.23481
3.08   -1.20236
3.09   -1.16979
3.1   -1.1371
3.11   -1.1043
3.12   -1.07138
3.13   -1.03836
3.14   -1.00524
3.15   -0.972017
3.16   -0.938696
3.17   -0.905282
3.18   -0.871776
3.19   -0.838183
3.2   -0.804507
3.21   -0.77075
3.22   -0.736916
3.23   -0.703009
3.24   -0.669031
3.25   -0.634986
3.26   -0.600877
3.27   -0.566709
3.28   -0.532484
3.29   -0.498206
3.3   -0.463877
3.31   -0.429503
3.32   -0.395085
3.33   -0.360628
3.34   -0.326135
3.35   -0.291609
3.36   -0.257055
3.37   -0.222474
3.38   -0.187871
3.39   -0.15325
3.4   -0.118613
3.41   -0.0839639
3.42   -0.0493067
3.43   -0.0146446
3.44   0.020019
3.45   0.0546805
3.46   0.0893366
3.47   0.123984
3.48   0.158619
3.49   0.193238
3.5   0.227837
3.51   0.262414
3.52   0.296964
3.53   0.331485
3.54   0.365973
3.55   0.400424
3.56   0.434835
3.57   0.469203
3.58   0.503524
3.59   0.537794
3.6   0.57201
3.61   0.60617
3.62   0.640268
3.63   0.674303
3.64   0.70827
3.65   0.742167
3.66   0.775989
3.67   0.809734
3.68   0.843397
3.69   0.876977
3.7   0.910468
3.71   0.943869
3.72   0.977175
3.73   1.01038
3.74   1.04349
3.75   1.07649
3.76   1.10939
3.77   1.14217
3.78   1.17484
3.79   1.2074
3.8   1.23983
3.81   1.27214
3.82   1.30432
3.83   1.33637
3.84   1.36829
3.85   1.40007
3.86   1.43171
3.87   1.4632
3.88   1.49455
3.89   1.52575
3.9   1.5568
3.91   1.58769
3.92   1.61843
3.93   1.649
3.94   1.67941
3.95   1.70965
3.96   1.73972
3.97   1.76961
3.98   1.79933
3.99   1.82886
4   1.85822
4.01   1.88739
4.02   1.91637
4.03   1.94516
4.04   1.97375
4.05   2.00215
4.06   2.03034
4.07   2.05834
4.08   2.08612
4.09   2.1137
4.1   2.14107
4.11   2.16822
4.12   2.19516
4.13   2.22188
4.14   2.24837
4.15   2.27464
4.16   2.30068
4.17   2.3265
4.18   2.35208
4.19   2.37742
4.2   2.40253
4.21   2.42739
4.22   2.45202
4.23   2.4764
4.24   2.50053
4.25   2.52441
4.26   2.54804
4.27   2.57141
4.28   2.59453
4.29   2.61738
4.3   2.63998
4.31   2.66231
4.32   2.68438
4.33   2.70617
4.34   2.7277
4.35   2.74895
4.36   2.76993
4.37   2.79063
4.38   2.81105
4.39   2.8312
4.4   2.85105
4.41   2.87063
4.42   2.88991
4.43   2.90891
4.44   2.92762
4.45   2.94603
4.46   2.96415
4.47   2.98197
4.48   2.99949
4.49   3.01672
4.5   3.03364
4.51   3.05026
4.52   3.06657
4.53   3.08258
4.54   3.09828
4.55   3.11367
4.56   3.12875
4.57   3.14351
4.58   3.15796
4.59   3.1721
4.6   3.18592
4.61   3.19942
4.62   3.21259
4.63   3.22545
4.64   3.23799
4.65   3.2502
4.66   3.26209
4.67   3.27365
4.68   3.28488
4.69   3.29578
4.7   3.30636
4.71   3.3166
4.72   3.32652
4.73   3.3361
4.74   3.34534
4.75   3.35425
4.76   3.36283
4.77   3.37107
4.78   3.37897
4.79   3.38654
4.8   3.39377
4.81   3.40065
4.82   3.4072
4.83   3.41341
4.84   3.41927
4.85   3.42479
4.86   3.42997
4.87   3.43481
4.88   3.43931
4.89   3.44346
4.9   3.44726
4.91   3.45072
4.92   3.45384
4.93   3.45661
4.94   3.45904
4.95   3.46111
4.96   3.46285
4.97   3.46423
4.98   3.46527
4.99   3.46597
5   3.46632
5.01   3.46632
5.02   3.46597
5.03   3.46528
5.04   3.46424
5.05   3.46285
5.06   3.46112
5.07   3.45904
5.08   3.45662
5.09   3.45385
5.1   3.45073
5.11   3.44727
5.12   3.44347
5.13   3.43932
5.14   3.43483
5.15   3.42999
5.16   3.42481
5.17   3.41929
5.18   3.41342
5.19   3.40722
5.2   3.40067
5.21   3.39379
5.22   3.38656
5.23   3.379
5.24   3.37109
5.25   3.36286
5.26   3.35428
5.27   3.34537
5.28   3.33612
5.29   3.32654
5.3   3.31663
5.31   3.30639
5.32   3.29582
5.33   3.28491
5.34   3.27368
5.35   3.26212
5.36   3.25023
5.37   3.23802
5.38   3.22549
5.39   3.21263
5.4   3.19945
5.41   3.18596
5.42   3.17214
5.43   3.15801
5.44   3.14356
5.45   3.12879
5.46   3.11371
5.47   3.09833
5.48   3.08263
5.49   3.06662
5.5   3.05031
5.51   3.03369
5.52   3.01677
5.53   2.99954
5.54   2.98202
5.55   2.9642
5.56   2.94608
5.57   2.92767
5.58   2.90896
5.59   2.88997
5.6   2.87068
5.61   2.85111
5.62   2.83125
5.63   2.81111
5.64   2.79069
5.65   2.76999
5.66   2.74901
5.67   2.72776
5.68   2.70624
5.69   2.68444
5.7   2.66238
5.71   2.64005
5.72   2.61745
5.73   2.59459
5.74   2.57148
5.75   2.54811
5.76   2.52448
5.77   2.5006
5.78   2.47647
5.79   2.45209
5.8   2.42747
5.81   2.4026
5.82   2.37749
5.83   2.35215
5.84   2.32657
5.85   2.30076
5.86   2.27472
5.87   2.24845
5.88   2.22195
5.89   2.19524
5.9   2.1683
5.91   2.14115
5.92   2.11378
5.93   2.0862
5.94   2.05842
5.95   2.03042
5.96   2.00223
5.97   1.97383
5.98   1.94524
5.99   1.91645
6   1.88747
6.01   1.8583
6.02   1.82895
6.03   1.79941
6.04   1.7697
6.05   1.7398
6.06   1.70973
6.07   1.6795
6.08   1.64909
6.09   1.61852
6.1   1.58778
6.11   1.55689
6.12   1.52584
6.13   1.49464
6.14   1.46329
6.15   1.4318
6.16   1.40016
6.17   1.36838
6.18   1.33646
6.19   1.30441
6.2   1.27223
6.21   1.23992
6.22   1.20749
6.23   1.17494
6.24   1.14227
6.25   1.10949
6.26   1.07659
6.27   1.04359
6.28   1.01048
6.29   0.977272
6.3   0.943966
6.31   0.910566
6.32   0.877074
6.33   0.843495
6.34   0.809832
6.35   0.776088
6.36   0.742266
6.37   0.708369
6.38   0.674402
6.39   0.640368
6.4   0.606269
6.41   0.57211
6.42   0.537894
6.43   0.503623
6.44   0.469303
6.45   0.434935
6.46   0.400524
6.47   0.366073
6.48   0.331586
6.49   0.297065
6.5   0.262515
6.51   0.227938
6.52   0.193338
6.53   0.158719
6.54   0.124085
6.55   0.0894376
6.56   0.0547815
6.57   0.0201199
6.58   -0.0145437
6.59   -0.0492058
6.6   -0.083863
6.61   -0.118512
6.62   -0.153149
6.63   -0.18777
6.64   -0.222373
6.65   -0.256954
6.66   -0.291509
6.67   -0.326035
6.68   -0.360528
6.69   -0.394985
6.7   -0.429403
6.71   -0.463777
6.72   -0.498106
6.73   -0.532384
6.74   -0.566609
6.75   -0.600778
6.76   -0.634887
6.77   -0.668932
6.78   -0.70291
6.79   -0.736818
6.8   -0.770652
6.81   -0.804409
6.82   -0.838086
6.83   -0.871678
6.84   -0.905184
6.85   -0.938599
6.86   -0.971921
6.87   -1.00514
6.88   -1.03827
6.89   -1.07129
6.9   -1.1042
6.91   -1.137
6.92   -1.16969
6.93   -1.20226
6.94   -1.23471
6.95   -1.26704
6.96   -1.29924
6.97   -1.33131
6.98   -1.36325
6.99   -1.39505
7   -1.42672
7.01   -1.45824
7.02   -1.48961
7.03   -1.52084
7.04   -1.55191
7.05   -1.58283
7.06   -1.61358
7.07   -1.64418
7.08   -1.67462
7.09   -1.70488
7.1   -1.73498
7.11   -1.7649
7.12   -1.79465
7.13   -1.82421
7.14   -1.85359
7.15   -1.88279
7.16   -1.9118
7.17   -1.94062
7.18   -1.96925
7.19   -1.99767
7.2   -2.0259
7.21   -2.05393
7.22   -2.08175
7.23   -2.10936
7.24   -2.13676
7.25   -2.16395
7.26   -2.19092
7.27   -2.21767
7.28   -2.2442
7.29   -2.27051
7.3   -2.29659
7.31   -2.32243
7.32   -2.34805
7.33   -2.37343
7.34   -2.39858
7.35   -2.42348
7.36   -2.44814
7.37   -2.47256
7.38   -2.49673
7.39   -2.52065
7.4   -2.54432
7.41   -2.56774
7.42   -2.59089
7.43   -2.61379
7.44   -2.63643
7.45   -2.6588
7.46   -2.68091
7.47   -2.70275
7.48   -2.72432
7.49   -2.74561
7.5   -2.76664
7.51   -2.78738
7.52   -2.80785
7.53   -2.82803
7.54   -2.84794
7.55   -2.86755
7.56   -2.88689
7.57   -2.90593
7.58   -2.92468
7.59   -2.94314
7.6   -2.96131
7.61   -2.97917
7.62   -2.99675
7.63   -3.01402
7.64   -3.03099
7.65   -3.04766
7.66   -3.06402
7.67   -3.08007
7.68   -3.09582
7.69   -3.11126
7.7   -3.12639
7.71   -3.1412
7.72   -3.1557
7.73   -3.16989
7.74   -3.18376
7.75   -3.1973
7.76   -3.21053
7.77   -3.22344
7.78   -3.23603
7.79   -3.24829
7.8   -3.26023
7.81   -3.27184
7.82   -3.28313
7.83   -3.29408
7.84   -3.30471
7.85   -3.31501
7.86   -3.32497
7.87   -3.33461
7.88   -3.3439
7.89   -3.35287
7.9   -3.3615
7.91   -3.36979
7.92   -3.37775
7.93   -3.38537
7.94   -3.39265
7.95   -3.39959
7.96   -3.40619
7.97   -3.41245
7.98   -3.41837
7.99   -3.42394
8   -3.42918
8.01   -3.43407
8.02   -3.43862
8.03   -3.44282
8.04   -3.44668
8.05   -3.4502
8.06   -3.45337
8.07   -3.4562
8.08   -3.45868
8.09   -3.46081
8.1   -3.4626
8.11   -3.46404
8.12   -3.46513
8.13   -3.46588
8.14   -3.46628
8.15   -3.46634
8.16   -3.46605
8.17   -3.46541
8.18   -3.46442
8.19   -3.46309
8.2   -3.46142
8.21   -3.45939
8.22   -3.45702
8.23   -3.45431
8.24   -3.45125
8.25   -3.44784
8.26   -3.44409
8.27   -3.44
8.28   -3.43556
8.29   -3.43078
8.3   -3.42565
8.31   -3.42018
8.32   -3.41437
8.33   -3.40822
8.34   -3.40173
8.35   -3.3949
8.36   -3.38772
8.37   -3.38021
8.38   -3.37237
8.39   -3.36418
8.4   -3.35566
8.41   -3.3468
8.42   -3.33761
8.43   -3.32808
8.44   -3.31822
8.45   -3.30803
8.46   -3.29751
8.47   -3.28666
8.48   -3.27548
8.49   -3.26397
8.5   -3.25213
8.51   -3.23997
8.52   -3.22749
8.53   -3.21469
8.54   -3.20156
8.55   -3.18811
8.56   -3.17434
8.57   -3.16026
8.58   -3.14586
8.59   -3.13114
8.6   -3.11612
8.61   -3.10078
8.62   -3.08513
8.63   -3.06917
8.64   -3.05291
8.65   -3.03633
8.66   -3.01946
8.67   -3.00229
8.68   -2.98481
8.69   -2.96703
8.7   -2.94896
8.71   -2.9306
8.72   -2.91194
8.73   -2.89299
8.74   -2.87375
8.75   -2.85422
8.76   -2.83441
8.77   -2.81431
8.78   -2.79394
8.79   -2.77328
8.8   -2.75235
8.81   -2.73114
8.82   -2.70965
8.83   -2.6879
8.84   -2.66588
8.85   -2.64359
8.86   -2.62104
8.87   -2.59822
8.88   -2.57515
8.89   -2.55181
8.9   -2.52823
8.91   -2.50439
8.92   -2.4803
8.93   -2.45596
8.94   -2.43137
8.95   -2.40654
8.96   -2.38148
8.97   -2.35617
8.98   -2.33063
8.99   -2.30485
9   -2.27885
9.01   -2.25261
9.02   -2.22615
9.03   -2.19947
9.04   -2.17257
9.05   -2.14545
9.06   -2.11812
9.07   -2.09057
9.08   -2.06282
9.09   -2.03486
9.1   -2.0067
9.11   -1.97833
9.12   -1.94977
9.13   -1.92101
9.14   -1.89206
9.15   -1.86292
9.16   -1.8336
9.17   -1.80409
9.18   -1.7744
9.19   -1.74454
9.2   -1.7145
9.21   -1.68428
9.22   -1.6539
9.23   -1.62336
9.24   -1.59265
9.25   -1.56178
9.26   -1.53076
9.27   -1.49958
9.28   -1.46826
9.29   -1.43678
9.3   -1.40516
9.31   -1.37341
9.32   -1.34151
9.33   -1.30948
9.34   -1.27732
9.35   -1.24503
9.36   -1.21262
9.37   -1.18009
9.38   -1.14744
9.39   -1.11467
9.4   -1.08179
9.41   -1.04881
9.42   -1.01572
9.43   -0.982524
9.44   -0.949233
9.45   -0.915848
9.46   -0.88237
9.47   -0.848805
9.48   -0.815155
9.49   -0.781423
9.5   -0.747613
9.51   -0.713728
9.52   -0.679772
9.53   -0.645748
9.54   -0.611659
9.55   -0.57751
9.56   -0.543302
9.57   -0.50904
9.58   -0.474727
9.59   -0.440367
9.6   -0.405963
9.61   -0.371518
9.62   -0.337036
9.63   -0.30252
9.64   -0.267974
9.65   -0.233401
9.66   -0.198805
9.67   -0.164189
9.68   -0.129556
9.69   -0.094911
9.7   -0.0602561
9.71   -0.0255951
9.72   0.00906834
9.73   0.0437309
9.74   0.0783891
9.75   0.11304
9.76   0.147679
9.77   0.182303
9.78   0.216909
9.79   0.251493
9.8   0.286053
9.81   0.320583
9.82   0.355082
9.83   0.389545
9.84   0.423969
9.85   0.458351
9.86   0.492686
9.87   0.526973
9.88   0.561207
9.89   0.595385
9.9   0.629503
9.91   0.663558
9.92   0.697547
9.93   0.731466
9.94   0.765312
9.95   0.799082
9.96   0.832772
9.97   0.866378
9.98   0.899898
9.99   0.933327
10   0.966664
