0 -0.00540345
1 -0.0108004
2 -0.0161843
3 -0.0215486
4 -0.0268869
5 -0.0321928
6 -0.0374598
7 -0.0426816
8 -0.0478519
9 -0.0529644
10 -0.058013
11 -0.0629915
12 -0.067894
13 -0.0727145
14 -0.0774472
15 -0.0820864
16 -0.0866264
17 -0.0910618
18 -0.095387
19 -0.0995968
20 -0.103686
21 -0.107649
22 -0.111482
23 -0.115178
24 -0.118732
25 -0.12214
26 -0.125393
27 -0.128487
28 -0.131411
29 -0.134154
30 -0.136703
31 -0.139036
32 -0.141124
33 -0.142924
34 -0.144374
35 -0.145381
36 -0.145808
37 -0.145454
38 -0.144023
39 -0.14109
40 -0.136057
41 -0.12811
42 -0.116211
43 -0.0991682
44 -0.0758947
45 -0.045972
46 -0.0105836
47 0.0264486
48 0.0583792
49 0.0771802
50 0.0771802
51 0.0583792
52 0.0264486
53 -0.0105836
54 -0.045972
55 -0.0758947
56 -0.0991682
57 -0.116211
58 -0.12811
59 -0.136057
60 -0.14109
61 -0.144023
62 -0.145454
63 -0.145808
64 -0.145381
65 -0.144374
66 -0.142924
67 -0.141124
68 -0.139036
69 -0.136703
70 -0.134154
71 -0.131411
72 -0.128487
73 -0.125393
74 -0.12214
75 -0.118732
76 -0.115178
77 -0.111482
78 -0.107649
79 -0.103686
80 -0.0995968
81 -0.095387
82 -0.0910618
83 -0.0866264
84 -0.0820864
85 -0.0774472
86 -0.0727145
87 -0.067894
88 -0.0629915
89 -0.058013
90 -0.0529644
91 -0.0478519
92 -0.0426816
93 -0.0374598
94 -0.0321928
95 -0.0268869
96 -0.0215486
97 -0.0161843
98 -0.0108004
99 -0.00540345