0 -1.92344e-09
1 -4.16149e-09
2 -7.08024e-09
3 -1.11571e-08
4 -1.70589e-08
5 -2.5751e-08
6 -3.86552e-08
7 -5.78821e-08
8 -8.65768e-08
9 -1.29433e-07
10 -1.9346e-07
11 -2.89131e-07
12 -4.32095e-07
13 -6.45736e-07
14 -9.64999e-07
15 -1.44211e-06
16 -2.15509e-06
17 -3.22059e-06
18 -4.81286e-06
19 -7.19235e-06
20 -1.07483e-05
21 -1.60622e-05
22 -2.40032e-05
23 -3.58701e-05
24 -5.36034e-05
25 -8.01028e-05
26 -0.000119701
27 -0.000178869
28 -0.000267275
29 -0.000399354
30 -0.000596657
31 -0.000891333
32 -0.00133131
33 -0.00198794
34 -0.00296726
35 -0.00442642
36 -0.00659729
37 -0.00981987
38 -0.0145878
39 -0.0216074
40 -0.0318657
41 -0.0466922
42 -0.0677721
43 -0.0970197
44 -0.136158
45 -0.185803
46 -0.243973
47 -0.304452
48 -0.356373
49 -0.386867
50 -0.386867
51 -0.356373
52 -0.304452
53 -0.243973
54 -0.185803
55 -0.136158
56 -0.0970197
57 -0.0677721
58 -0.0466922
59 -0.0318657
60 -0.0216074
61 -0.0145878
62 -0.00981987
63 -0.00659729
64 -0.00442642
65 -0.00296726
66 -0.00198794
67 -0.00133131
68 -0.000891333
69 -0.000596657
70 -0.000399354
71 -0.000267275
72 -0.000178869
73 -0.000119701
74 -8.01028e-05
75 -5.36034e-05
76 -3.58701e-05
77 -2.40032e-05
78 -1.60622e-05
79 -1.07483e-05
80 -7.19235e-06
81 -4.81286e-06
82 -3.22059e-06
83 -2.15509e-06
84 -1.44211e-06
85 -9.64999e-07
86 -6.45736e-07
87 -4.32095e-07
88 -2.89131e-07
89 -1.9346e-07
90 -1.29433e-07
91 -8.65768e-08
92 -5.78821e-08
93 -3.86552e-08
94 -2.5751e-08
95 -1.70589e-08
96 -1.11571e-08
97 -7.08024e-09
98 -4.16149e-09
99 -1.92344e-09