0 -0.0109113
1 -0.0217656
2 -0.0325061
3 -0.0430767
4 -0.0534221
5 -0.0634882
6 -0.0732225
7 -0.0825741
8 -0.091494
9 -0.0999356
10 -0.107855
11 -0.11521
12 -0.121963
13 -0.128079
14 -0.133525
15 -0.138273
16 -0.142298
17 -0.145579
18 -0.148099
19 -0.149845
20 -0.150806
21 -0.150978
22 -0.150359
23 -0.148953
24 -0.146764
25 -0.143803
26 -0.140084
27 -0.135622
28 -0.130436
29 -0.124547
30 -0.117976
31 -0.110744
32 -0.102872
33 -0.0943772
34 -0.0852714
35 -0.0755613
36 -0.0652461
37 -0.0543189
38 -0.0427712
39 -0.0306055
40 -0.0178611
41 -0.00466243
42 0.00869883
43 0.0216401
44 0.0331347
45 0.0415932
46 0.0449393
47 0.0411252
48 0.0292133
49 0.0106138
50 -0.0106138
51 -0.0292133
52 -0.0411252
53 -0.0449393
54 -0.0415932
55 -0.0331347
56 -0.0216401
57 -0.00869883
58 0.00466243
59 0.0178611
60 0.0306055
61 0.0427712
62 0.0543189
63 0.0652461
64 0.0755613
65 0.0852714
66 0.0943772
67 0.102872
68 0.110744
69 0.117976
70 0.124547
71 0.130436
72 0.135622
73 0.140084
74 0.143803
75 0.146764
76 0.148953
77 0.150359
78 0.150978
79 0.150806
80 0.149845
81 0.148099
82 0.145579
83 0.142298
84 0.138273
85 0.133525
86 0.128079
87 0.121963
88 0.11521
89 0.107855
90 0.0999356
91 0.091494
92 0.0825741
93 0.0732225
94 0.0634882
95 0.0534221
96 0.0430767
97 0.0325061
98 0.0217656
99 0.0109113