0 -1.56722e-05
1 -3.19939e-05
2 -4.96414e-05
3 -6.93459e-05
4 -9.1924e-05
5 -0.000118311
6 -0.000149601
7 -0.00018709
8 -0.000232332
9 -0.000287202
10 -0.000353973
11 -0.000435411
12 -0.000534893
13 -0.000656539
14 -0.000805392
15 -0.000987618
16 -0.00121077
17 -0.00148409
18 -0.00181891
19 -0.00222909
20 -0.00273164
21 -0.00334736
22 -0.00410176
23 -0.00502607
24 -0.00615854
25 -0.00754602
26 -0.00924581
27 -0.0113281
28 -0.0138785
29 -0.0170017
30 -0.0208252
31 -0.025504
32 -0.0312255
33 -0.038215
34 -0.0467406
35 -0.057116
36 -0.0696995
37 -0.0848817
38 -0.103055
39 -0.124549
40 -0.1495
41 -0.177625
42 -0.207846
43 -0.237731
44 -0.262817
45 -0.276085
46 -0.268303
47 -0.230293
48 -0.157683
49 -0.0563346
50 0.0563346
51 0.157683
52 0.230293
53 0.268303
54 0.276085
55 0.262817
56 0.237731
57 0.207846
58 0.177625
59 0.1495
60 0.124549
61 0.103055
62 0.0848817
63 0.0696995
64 0.057116
65 0.0467406
66 0.038215
67 0.0312255
68 0.025504
69 0.0208252
70 0.0170017
71 0.0138785
72 0.0113281
73 0.00924581
74 0.00754602
75 0.00615854
76 0.00502607
77 0.00410176
78 0.00334736
79 0.00273164
80 0.00222909
81 0.00181891
82 0.00148409
83 0.00121077
84 0.000987618
85 0.000805392
86 0.000656539
87 0.000534893
88 0.000435411
89 0.000353973
90 0.000287202
91 0.000232332
92 0.00018709
93 0.000149601
94 0.000118311
95 9.1924e-05
96 6.93459e-05
97 4.96414e-05
98 3.19939e-05
99 1.56722e-05