0   1
0.01   0.984528
0.02   0.968958
0.03   0.95329
0.04   0.937528
0.05   0.921672
0.06   0.905723
0.07   0.889684
0.08   0.873556
0.09   0.857341
0.1   0.841039
0.11   0.824654
0.12   0.808186
0.13   0.791638
0.14   0.77501
0.15   0.758305
0.16   0.741524
0.17   0.724669
0.18   0.707741
0.19   0.690743
0.2   0.673675
0.21   0.65654
0.22   0.63934
0.23   0.622075
0.24   0.604749
0.25   0.587362
0.26   0.569916
0.27   0.552413
0.28   0.534855
0.29   0.517243
0.3   0.49958
0.31   0.481867
0.32   0.464105
0.33   0.446297
0.34   0.428445
0.35   0.41055
0.36   0.392613
0.37   0.374638
0.38   0.356624
0.39   0.338576
0.4   0.320493
0.41   0.302378
0.42   0.284233
0.43   0.26606
0.44   0.24786
0.45   0.229635
0.46   0.211388
0.47   0.193119
0.48   0.174831
0.49   0.156525
0.5   0.138204
0.51   0.119869
0.52   0.101522
0.53   0.0831643
0.54   0.0647987
0.55   0.0464267
0.56   0.02805
0.57   0.00967052
0.58   -0.00870993
0.59   -0.0270895
0.6   -0.0454664
0.61   -0.0638387
0.62   -0.0822047
0.63   -0.100562
0.64   -0.11891
0.65   -0.137246
0.66   -0.155568
0.67   -0.173874
0.68   -0.192164
0.69   -0.210433
0.7   -0.228682
0.71   -0.246908
0.72   -0.26511
0.73   -0.283284
0.74   -0.301431
0.75   -0.319547
0.76   -0.337631
0.77   -0.355682
0.78   -0.373697
0.79   -0.391675
0.8   -0.409613
0.81   -0.427511
0.82   -0.445365
0.83   -0.463176
0.84   -0.48094
0.85   -0.498655
0.86   -0.516321
0.87   -0.533936
0.88   -0.551497
0.89   -0.569002
0.9   -0.586451
0.91   -0.603842
0.92   -0.621171
0.93   -0.638439
0.94   -0.655643
0.95   -0.672781
0.96   -0.689852
0.97   -0.706855
0.98   -0.723786
0.99   -0.740645
1   -0.75743
1.01   -0.774139
1.02   -0.790771
1.03   -0.807324
1.04   -0.823796
1.05   -0.840185
1.06   -0.856491
1.07   -0.872711
1.08   -0.888843
1.09   -0.904887
1.1   -0.92084
1.11   -0.936702
1.12   -0.952469
1.13   -0.968141
1.14   -0.983717
1.15   -0.999194
1.16   -1.01457
1.17   -1.02985
1.18   -1.04502
1.19   -1.06009
1.2   -1.07505
1.21   -1.0899
1.22   -1.10465
1.23   -1.11929
1.24   -1.13381
1.25   -1.14822
1.26   -1.16251
1.27   -1.17669
1.28   -1.19075
1.29   -1.2047
1.3   -1.21852
1.31   -1.23222
1.32   -1.24579
1.33   -1.25925
1.34   -1.27257
1.35   -1.28577
1.36   -1.29884
1.37   -1.31178
1.38   -1.32459
1.39   -1.33727
1.4   -1.34981
1.41   -1.36222
1.42   -1.37449
1.43   -1.38663
1.44   -1.39862
1.45   -1.41048
1.46   -1.42219
1.47   -1.43376
1.48   -1.44519
1.49   -1.45648
1.5   -1.46762
1.51   -1.47861
1.52   -1.48945
1.53   -1.50015
1.54   -1.51069
1.55   -1.52109
1.56   -1.53133
1.57   -1.54142
1.58   -1.55135
1.59   -1.56113
1.6   -1.57076
1.61   -1.58023
1.62   -1.58953
1.63   -1.59868
1.64   -1.60767
1.65   -1.6165
1.66   -1.62517
1.67   -1.63367
1.68   -1.64202
1.69   -1.65019
1.7   -1.65821
1.71   -1.66605
1.72   -1.67373
1.73   -1.68124
1.74   -1.68859
1.75   -1.69576
1.76   -1.70277
1.77   -1.70961
1.78   -1.71627
1.79   -1.72276
1.8   -1.72908
1.81   -1.73523
1.82   -1.74121
1.83   -1.74701
1.84   -1.75263
1.85   -1.75808
1.86   -1.76336
1.87   -1.76846
1.88   -1.77338
1.89   -1.77812
1.9   -1.78269
1.91   -1.78707
1.92   -1.79128
1.93   -1.79531
1.94   -1.79916
1.95   -1.80283
1.96   -1.80633
1.97   -1.80963
1.98   -1.81276
1.99   -1.81571
2   -1.81848
2.01   -1.82106
2.02   -1.82346
2.03   -1.82568
2.04   -1.82772
2.05   -1.82957
2.06   -1.83124
2.07   -1.83273
2.08   -1.83404
2.09   -1.83516
2.1   -1.8361
2.11   -1.83685
2.12   -1.83742
2.13   -1.83781
2.14   -1.83801
2.15   -1.83803
2.16   -1.83787
2.17   -1.83752
2.18   -1.83699
2.19   -1.83627
2.2   -1.83537
2.21   -1.83429
2.22   -1.83302
2.23   -1.83157
2.24   -1.82994
2.25   -1.82812
2.26   -1.82613
2.27   -1.82394
2.28   -1.82158
2.29   -1.81904
2.3   -1.81631
2.31   -1.8134
2.32   -1.81031
2.33   -1.80704
2.34   -1.80358
2.35   -1.79995
2.36   -1.79614
2.37   -1.79215
2.38   -1.78797
2.39   -1.78362
2.4   -1.7791
2.41   -1.77439
2.42   -1.7695
2.43   -1.76444
2.44   -1.75921
2.45   -1.75379
2.46   -1.7482
2.47   -1.74244
2.48   -1.7365
2.49   -1.73039
2.5   -1.72411
2.51   -1.71765
2.52   -1.71102
2.53   -1.70422
2.54   -1.69725
2.55   -1.69011
2.56   -1.6828
2.57   -1.67533
2.58   -1.66768
2.59   -1.65987
2.6   -1.65189
2.61   -1.64375
2.62   -1.63544
2.63   -1.62697
2.64   -1.61834
2.65   -1.60954
2.66   -1.60059
2.67   -1.59147
2.68   -1.5822
2.69   -1.57276
2.7   -1.56317
2.71   -1.55342
2.72   -1.54352
2.73   -1.53346
2.74   -1.52325
2.75   -1.51289
2.76   -1.50238
2.77   -1.49171
2.78   -1.4809
2.79   -1.46994
2.8   -1.45883
2.81   -1.44758
2.82   -1.43618
2.83   -1.42464
2.84   -1.41295
2.85   -1.40112
2.86   -1.38916
2.87   -1.37705
2.88   -1.36481
2.89   -1.35243
2.9   -1.33992
2.91   -1.32727
2.92   -1.31449
2.93   -1.30157
2.94   -1.28853
2.95   -1.27536
2.96   -1.26206
2.97   -1.24863
2.98   -1.23508
2.99   -1.22141
3   -1.20761
3.01   -1.19369
3.02   -1.17966
3.03   -1.1655
3.04   -1.15123
3.05   -1.13685
3.06   -1.12235
3.07   -1.10774
3.08   -1.09301
3.09   -1.07818
3.1   -1.06324
3.11   -1.0482
3.12   -1.03304
3.13   -1.01779
3.14   -1.00243
3.15   -0.986979
3.16   -0.971424
3.17   -0.955772
3.18   -0.940024
3.19   -0.924182
3.2   -0.908248
3.21   -0.892223
3.22   -0.876109
3.23   -0.859908
3.24   -0.84362
3.25   -0.827248
3.26   -0.810793
3.27   -0.794257
3.28   -0.777642
3.29   -0.760949
3.3   -0.74418
3.31   -0.727336
3.32   -0.71042
3.33   -0.693432
3.34   -0.676376
3.35   -0.659251
3.36   -0.642061
3.37   -0.624807
3.38   -0.60749
3.39   -0.590112
3.4   -0.572675
3.41   -0.555181
3.42   -0.537632
3.43   -0.520029
3.44   -0.502373
3.45   -0.484668
3.46   -0.466914
3.47   -0.449113
3.48   -0.431268
3.49   -0.413379
3.5   -0.395449
3.51   -0.377479
3.52   -0.359472
3.53   -0.341429
3.54   -0.323351
3.55   -0.305242
3.56   -0.287101
3.57   -0.268932
3.58   -0.250737
3.59   -0.232516
3.6   -0.214271
3.61   -0.196006
3.62   -0.177721
3.63   -0.159418
3.64   -0.141099
3.65   -0.122766
3.66   -0.10442
3.67   -0.0860646
3.68   -0.0677002
3.69   -0.049329
3.7   -0.030953
3.71   -0.0125738
3.72   0.00580663
3.73   0.0241865
3.74   0.0425639
3.75   0.0609371
3.76   0.0793042
3.77   0.0976633
3.78   0.116013
3.79   0.13435
3.8   0.152675
3.81   0.170984
3.82   0.189276
3.83   0.207549
3.84   0.225801
3.85   0.244031
3.86   0.262236
3.87   0.280415
3.88   0.298566
3.89   0.316688
3.9   0.334777
3.91   0.352833
3.92   0.370854
3.93   0.388838
3.94   0.406782
3.95   0.424686
3.96   0.442548
3.97   0.460366
3.98   0.478137
3.99   0.49586
4   0.513534
4.01   0.531157
4.02   0.548726
4.03   0.566241
4.04   0.583699
4.05   0.601099
4.06   0.618438
4.07   0.635716
4.08   0.65293
4.09   0.670079
4.1   0.687161
4.11   0.704174
4.12   0.721116
4.13   0.737987
4.14   0.754784
4.15   0.771505
4.16   0.788149
4.17   0.804714
4.18   0.821199
4.19   0.837602
4.2   0.853921
4.21   0.870154
4.22   0.886301
4.23   0.902359
4.24   0.918326
4.25   0.934202
4.26   0.949985
4.27   0.965672
4.28   0.981263
4.29   0.996756
4.3   1.01215
4.31   1.02744
4.32   1.04263
4.33   1.05771
4.34   1.07269
4.35   1.08757
4.36   1.10233
4.37   1.11698
4.38   1.13152
4.39   1.14595
4.4   1.16026
4.41   1.17446
4.42   1.18854
4.43   1.2025
4.44   1.21634
4.45   1.23006
4.46   1.24366
4.47   1.25713
4.48   1.27048
4.49   1.28369
4.5   1.29679
4.51   1.30975
4.52   1.32258
4.53   1.33527
4.54   1.34784
4.55   1.36027
4.56   1.37256
4.57   1.38472
4.58   1.39674
4.59   1.40861
4.6   1.42035
4.61   1.43195
4.62   1.4434
4.63   1.4547
4.64   1.46587
4.65   1.47688
4.66   1.48775
4.67   1.49847
4.68   1.50904
4.69   1.51946
4.7   1.52972
4.71   1.53984
4.72   1.5498
4.73   1.5596
4.74   1.56925
4.75   1.57874
4.76   1.58807
4.77   1.59725
4.78   1.60626
4.79   1.61512
4.8   1.62381
4.81   1.63234
4.82   1.64071
4.83   1.64891
4.84   1.65695
4.85   1.66482
4.86   1.67253
4.87   1.68007
4.88   1.68744
4.89   1.69464
4.9   1.70168
4.91   1.70854
4.92   1.71523
4.93   1.72175
4.94   1.7281
4.95   1.73427
4.96   1.74027
4.97   1.7461
4.98   1.75176
4.99   1.75723
5   1.76254
5.01   1.76766
5.02   1.77261
5.03   1.77738
5.04   1.78198
5.05   1.78639
5.06   1.79063
5.07   1.79469
5.08   1.79857
5.09   1.80227
5.1   1.80579
5.11   1.80912
5.12   1.81228
5.13   1.81526
5.14   1.81805
5.15   1.82066
5.16   1.8231
5.17   1.82534
5.18   1.82741
5.19   1.82929
5.2   1.83099
5.21   1.83251
5.22   1.83384
5.23   1.83499
5.24   1.83596
5.25   1.83674
5.26   1.83734
5.27   1.83776
5.28   1.83799
5.29   1.83804
5.3   1.83791
5.31   1.83759
5.32   1.83708
5.33   1.8364
5.34   1.83553
5.35   1.83447
5.36   1.83323
5.37   1.83181
5.38   1.83021
5.39   1.82842
5.4   1.82645
5.41   1.8243
5.42   1.82197
5.43   1.81945
5.44   1.81675
5.45   1.81387
5.46   1.81081
5.47   1.80756
5.48   1.80414
5.49   1.80054
5.5   1.79675
5.51   1.79279
5.52   1.78865
5.53   1.78432
5.54   1.77982
5.55   1.77514
5.56   1.77029
5.57   1.76525
5.58   1.76005
5.59   1.75466
5.6   1.7491
5.61   1.74336
5.62   1.73745
5.63   1.73137
5.64   1.72511
5.65   1.71868
5.66   1.71208
5.67   1.70531
5.68   1.69836
5.69   1.69125
5.7   1.68397
5.71   1.67652
5.72   1.6689
5.73   1.66111
5.74   1.65316
5.75   1.64505
5.76   1.63676
5.77   1.62832
5.78   1.61971
5.79   1.61094
5.8   1.60201
5.81   1.59292
5.82   1.58367
5.83   1.57426
5.84   1.5647
5.85   1.55497
5.86   1.5451
5.87   1.53506
5.88   1.52488
5.89   1.51454
5.9   1.50405
5.91   1.49341
5.92   1.48262
5.93   1.47168
5.94   1.4606
5.95   1.44936
5.96   1.43799
5.97   1.42647
5.98   1.41481
5.99   1.403
6   1.39106
6.01   1.37897
6.02   1.36675
6.03   1.35439
6.04   1.3419
6.05   1.32927
6.06   1.31651
6.07   1.30362
6.08   1.2906
6.09   1.27745
6.1   1.26417
6.11   1.25076
6.12   1.23723
6.13   1.22358
6.14   1.2098
6.15   1.1959
6.16   1.18188
6.17   1.16775
6.18   1.1535
6.19   1.13913
6.2   1.12465
6.21   1.11005
6.22   1.09535
6.23   1.08053
6.24   1.06561
6.25   1.05058
6.26   1.03545
6.27   1.02021
6.28   1.00487
6.29   0.989427
6.3   0.973887
6.31   0.95825
6.32   0.942518
6.33   0.926691
6.34   0.910771
6.35   0.894761
6.36   0.87866
6.37   0.862472
6.38   0.846198
6.39   0.829839
6.4   0.813398
6.41   0.796874
6.42   0.780272
6.43   0.763591
6.44   0.746833
6.45   0.730001
6.46   0.713097
6.47   0.69612
6.48   0.679074
6.49   0.661961
6.5   0.644781
6.51   0.627536
6.52   0.610229
6.53   0.592861
6.54   0.575433
6.55   0.557948
6.56   0.540408
6.57   0.522813
6.58   0.505166
6.59   0.487468
6.6   0.469721
6.61   0.451928
6.62   0.434089
6.63   0.416207
6.64   0.398284
6.65   0.38032
6.66   0.362319
6.67   0.344281
6.68   0.326209
6.69   0.308104
6.7   0.289969
6.71   0.271804
6.72   0.253612
6.73   0.235395
6.74   0.217155
6.75   0.198892
6.76   0.18061
6.77   0.16231
6.78   0.143993
6.79   0.125662
6.8   0.107319
6.81   0.0889646
6.82   0.0706014
6.83   0.0522313
6.84   0.0338558
6.85   0.015477
6.86   -0.00290332
6.87   -0.0212834
6.88   -0.0396613
6.89   -0.0580353
6.9   -0.0764034
6.91   -0.094764
6.92   -0.113115
6.93   -0.131455
6.94   -0.149781
6.95   -0.168093
6.96   -0.186388
6.97   -0.204664
6.98   -0.22292
6.99   -0.241153
7   -0.259362
7.01   -0.277546
7.02   -0.295701
7.03   -0.313827
7.04   -0.331922
7.05   -0.349983
7.06   -0.36801
7.07   -0.385999
7.08   -0.403951
7.09   -0.421861
7.1   -0.43973
7.11   -0.457554
7.12   -0.475333
7.13   -0.493064
7.14   -0.510746
7.15   -0.528377
7.16   -0.545955
7.17   -0.563478
7.18   -0.580945
7.19   -0.598354
7.2   -0.615703
7.21   -0.632991
7.22   -0.650215
7.23   -0.667374
7.24   -0.684467
7.25   -0.701491
7.26   -0.718445
7.27   -0.735327
7.28   -0.752135
7.29   -0.768869
7.3   -0.785525
7.31   -0.802103
7.32   -0.818601
7.33   -0.835016
7.34   -0.851349
7.35   -0.867596
7.36   -0.883756
7.37   -0.899828
7.38   -0.91581
7.39   -0.931701
7.4   -0.947498
7.41   -0.963201
7.42   -0.978807
7.43   -0.994315
7.44   -1.00972
7.45   -1.02503
7.46   -1.04024
7.47   -1.05534
7.48   -1.07033
7.49   -1.08522
7.5   -1.1
7.51   -1.11467
7.52   -1.12923
7.53   -1.14368
7.54   -1.15801
7.55   -1.17223
7.56   -1.18632
7.57   -1.2003
7.58   -1.21416
7.59   -1.2279
7.6   -1.24152
7.61   -1.25501
7.62   -1.26838
7.63   -1.28162
7.64   -1.29473
7.65   -1.30771
7.66   -1.32056
7.67   -1.33328
7.68   -1.34586
7.69   -1.35831
7.7   -1.37063
7.71   -1.38281
7.72   -1.39485
7.73   -1.40675
7.74   -1.41851
7.75   -1.43012
7.76   -1.4416
7.77   -1.45293
7.78   -1.46411
7.79   -1.47515
7.8   -1.48604
7.81   -1.49679
7.82   -1.50738
7.83   -1.51782
7.84   -1.52811
7.85   -1.53825
7.86   -1.54823
7.87   -1.55806
7.88   -1.56774
7.89   -1.57725
7.9   -1.58661
7.91   -1.59581
7.92   -1.60485
7.93   -1.61373
7.94   -1.62245
7.95   -1.63101
7.96   -1.6394
7.97   -1.64763
7.98   -1.65569
7.99   -1.66359
8   -1.67132
8.01   -1.67889
8.02   -1.68629
8.03   -1.69352
8.04   -1.70058
8.05   -1.70747
8.06   -1.71418
8.07   -1.72073
8.08   -1.72711
8.09   -1.73331
8.1   -1.73934
8.11   -1.74519
8.12   -1.75087
8.13   -1.75638
8.14   -1.76171
8.15   -1.76686
8.16   -1.77184
8.17   -1.77664
8.18   -1.78126
8.19   -1.78571
8.2   -1.78997
8.21   -1.79406
8.22   -1.79797
8.23   -1.80169
8.24   -1.80524
8.25   -1.80861
8.26   -1.81179
8.27   -1.8148
8.28   -1.81762
8.29   -1.82026
8.3   -1.82272
8.31   -1.825
8.32   -1.8271
8.33   -1.82901
8.34   -1.83074
8.35   -1.83228
8.36   -1.83365
8.37   -1.83482
8.38   -1.83582
8.39   -1.83663
8.4   -1.83726
8.41   -1.83771
8.42   -1.83797
8.43   -1.83805
8.44   -1.83794
8.45   -1.83765
8.46   -1.83717
8.47   -1.83652
8.48   -1.83568
8.49   -1.83465
8.5   -1.83344
8.51   -1.83205
8.52   -1.83048
8.53   -1.82872
8.54   -1.82678
8.55   -1.82465
8.56   -1.82235
8.57   -1.81986
8.58   -1.81719
8.59   -1.81434
8.6   -1.8113
8.61   -1.80809
8.62   -1.80469
8.63   -1.80112
8.64   -1.79736
8.65   -1.79343
8.66   -1.78931
8.67   -1.78502
8.68   -1.78055
8.69   -1.77589
8.7   -1.77107
8.71   -1.76606
8.72   -1.76088
8.73   -1.75552
8.74   -1.74999
8.75   -1.74428
8.76   -1.7384
8.77   -1.73234
8.78   -1.72611
8.79   -1.71971
8.8   -1.71313
8.81   -1.70639
8.82   -1.69947
8.83   -1.69239
8.84   -1.68513
8.85   -1.67771
8.86   -1.67011
8.87   -1.66235
8.88   -1.65443
8.89   -1.64634
8.9   -1.63808
8.91   -1.62966
8.92   -1.62108
8.93   -1.61234
8.94   -1.60343
8.95   -1.59437
8.96   -1.58514
8.97   -1.57576
8.98   -1.56622
8.99   -1.55652
9   -1.54667
9.01   -1.53666
9.02   -1.5265
9.03   -1.51618
9.04   -1.50572
9.05   -1.4951
9.06   -1.48433
9.07   -1.47342
9.08   -1.46236
9.09   -1.45115
9.1   -1.4398
9.11   -1.4283
9.12   -1.41666
9.13   -1.40488
9.14   -1.39295
9.15   -1.38089
9.16   -1.36869
9.17   -1.35636
9.18   -1.34388
9.19   -1.33128
9.2   -1.31854
9.21   -1.30567
9.22   -1.29266
9.23   -1.27953
9.24   -1.26627
9.25   -1.25289
9.26   -1.23938
9.27   -1.22574
9.28   -1.21198
9.29   -1.1981
9.3   -1.18411
9.31   -1.16999
9.32   -1.15575
9.33   -1.1414
9.34   -1.12694
9.35   -1.11236
9.36   -1.09768
9.37   -1.08288
9.38   -1.06797
9.39   -1.05296
9.4   -1.03784
9.41   -1.02262
9.42   -1.0073
9.43   -0.991872
9.44   -0.976348
9.45   -0.960727
9.46   -0.945009
9.47   -0.929197
9.48   -0.913292
9.49   -0.897296
9.5   -0.881209
9.51   -0.865035
9.52   -0.848775
9.53   -0.832429
9.54   -0.816
9.55   -0.79949
9.56   -0.782899
9.57   -0.766231
9.58   -0.749485
9.59   -0.732665
9.6   -0.715772
9.61   -0.698806
9.62   -0.681772
9.63   -0.664668
9.64   -0.647499
9.65   -0.630264
9.66   -0.612967
9.67   -0.595608
9.68   -0.57819
9.69   -0.560714
9.7   -0.543182
9.71   -0.525595
9.72   -0.507956
9.73   -0.490267
9.74   -0.472528
9.75   -0.454742
9.76   -0.43691
9.77   -0.419035
9.78   -0.401118
9.79   -0.38316
9.8   -0.365165
9.81   -0.347133
9.82   -0.329066
9.83   -0.310966
9.84   -0.292835
9.85   -0.274675
9.86   -0.256488
9.87   -0.238274
9.88   -0.220037
9.89   -0.201778
9.9   -0.183499
9.91   -0.165202
9.92   -0.146887
9.93   -0.128559
9.94   -0.110217
9.95   -0.0918644
9.96   -0.0735025
9.97   -0.0551333
9.98   -0.0367586
9.99   -0.0183802
10   0
